64
64
64
48
207
255
255
255
-127
-127
-127
-191
0
0
0
0
64
64
64
48
207
255
255
255
-127
-127
-127
-191
0
0
0
0
64
64
64
48
207
255
255
255
-127
-127
-127
-191
0
0
0
0
56
56
56
40
207
263
263
263
-143
-143
-143
-207
16
16
16
16
136
136
136
128
184
184
184
184
-47
-47
-47
-79
-79
-79
-79
-79
160
160
160
160
160
160
160
160
-63
-63
-63
-63
-63
-63
-63
-63
160
160
160
160
160
160
160
160
-63
-63
-63
-63
-63
-63
-63
-63
160
160
160
160
160
160
160
160
-63
-63
-63
-63
-63
-63
-63
-63
-128
-128
-128
-160
32
0
0
0
255
255
255
128
0
0
0
0
-128
-128
-128
-160
32
0
0
0
255
255
255
128
0
0
0
0
-128
-128
-128
-160
32
0
0
0
255
255
255
128
0
0
0
0
-160
-160
-160
-192
32
32
32
32
191
191
191
64
64
64
64
64
-64
-64
-64
-64
-64
-64
-64
-64
127
127
127
127
127
127
127
127
-64
-64
-64
-64
-64
-64
-64
-64
127
127
127
127
127
127
127
127
-64
-64
-64
-64
-64
-64
-64
-64
127
127
127
127
127
127
127
127
-64
-64
-64
-64
-64
-64
-64
-64
127
127
127
127
127
127
127
127
