64
42
191
261
0
-87
24
0
-127
-127
-127
-191
0
0
0
0
53
29
193
273
0
-95
28
0
-127
-127
-127
-191
0
0
0
0
128
119
176
193
0
-36
4
0
-127
-127
-127
-191
0
0
0
0
163
164
158
157
0
4
0
0
-143
-143
-143
-207
16
16
16
16
0
0
0
0
0
0
0
0
-47
-47
-47
-79
-79
-79
-79
-79
-44
-52
8
48
0
-31
16
0
-63
-63
-63
-63
-63
-63
-63
-63
12
16
-8
-12
0
16
0
0
-63
-63
-63
-63
-63
-63
-63
-63
0
0
0
0
0
0
0
0
-63
-63
-63
-63
-63
-63
-63
-63
-128
-128
-128
-160
32
0
0
0
255
255
255
128
0
0
0
0
-128
-128
-128
-160
32
0
0
0
255
255
255
128
0
0
0
0
-128
-128
-128
-160
32
0
0
0
255
255
255
128
0
0
0
0
-160
-160
-160
-192
32
32
32
32
191
191
191
64
64
64
64
64
-64
-64
-64
-64
-64
-64
-64
-64
127
127
127
127
127
127
127
127
-64
-64
-64
-64
-64
-64
-64
-64
127
127
127
127
127
127
127
127
-64
-64
-64
-64
-64
-64
-64
-64
127
127
127
127
127
127
127
127
-64
-64
-64
-64
-64
-64
-64
-64
127
127
127
127
127
127
127
127
