8
148
174
141
253
180
121
176
105
160
164
62
129
130
95
182
152
115
92
164
138
155
136
205
14
111
3
82
36
208
88
264
2
156
67
119
231
154
27
207
153
178
37
269
215
135
66
177
168
127
138
157
130
139
195
80
45
195
218
105
174
101
153
153
-7
62
155
63
-22
-30
-120
-110
-69
127
3
17
2
-49
-135
-51
-43
21
-124
-112
-145
47
-62
47
-115
5
57
29
61
104
176
89
-1
130
-27
-166
37
59
-6
62
-120
78
157
-9
-150
-65
-128
48
39
36
18
-41
-144
17
34
116
-62
30
78
208
182
-33
-163
-101
117
124
77
214
67
110
207
65
79
132
127
75
159
81
227
79
123
148
212
130
92
78
206
127
176
106
167
197
86
50
29
78
159
51
163
96
49
131
230
137
61
108
185
116
107
174
90
145
137
126
160
79
134
112
57
85
194
85
133
200
94
149
78
105
164
-34
17
-68
151
7
-9
-23
-48
-92
9
3
20
-37
35
6
81
14
73
141
2
-79
-184
-141
76
152
121
54
-44
22
-18
-52
40
-52
-52
-38
-73
-10
58
130
42
-29
-51
110
111
69
-71
39
65
11
169
-65
-44
7
79
119
-28
-97
-30
-26
-51
-55
126
66
192
186
96
100
74
-15
90
147
49
158
76
121
114
97
44
79
80
198
108
185
191
202
123
91
134
200
131
70
81
215
127
164
74
183
69
152
103
116
108
142
140
115
125
213
147
122
119
149
188
181
139
185
121
199
78
13
28
176
130
127
128
68
178
60
16
11
98
-21
-27
-58
-35
-27
-61
-64
-169
-75
110
26
135
-8
5
-23
3
-79
-79
26
-82
-28
-11
-70
147
11
-20
70
-94
3
-70
-152
-64
-24
-88
66
46
22
-126
94
34
-50
-49
21
-102
26
-94
-103
-1
18
-61
-38
-76
15
-14
66
-66
124
90
-24
-34
238
116
124
141
149
67
177
139
129
118
200
99
55
158
266
240
35
181
10
205
61
198
74
161
113
140
142
161
182
89
75
173
161
169
220
185
91
123
202
148
48
87
66
114
79
133
235
76
160
57
104
147
36
82
230
78
121
115
191
59
116
139
167
158
150
51
-132
-13
-37
86
-63
-85
115
-45
-141
44
39
-35
-48
-3
-10
65
-11
-20
89
-39
-130
84
76
32
-24
-15
34
-15
6
105
-16
-24
-93
-14
99
20
-107
63
92
62
-9
-29
-1
-79
70
34
-97
21
7
-129
-53
-131
85
156
28
-10
-76
-126
-117
-61
-37
-96
-21
155
73
73
135
91
172
141
121
170
100
126
173
226
77
84
267
90
189
56
172
66
160
204
94
199
138
129
55
189
169
219
75
198
33
88
178
134
59
221
82
75
89
170
154
128
101
153
164
51
50
140
61
87
117
226
88
50
100
204
124
87
202
220
88
-185
20
162
190
-5
-112
-120
-68
43
23
-114
-55
71
117
28
-88
-4
-68
-28
-9
103
-48
-45
-129
-127
-80
-7
-20
27
25
8
-55
-3
52
10
95
41
110
69
136
-35
15
-100
-17
62
12
78
3
108
-25
-14
11
5
15
48
-70
95
67
60
81
55
-11
-9
56
152
126
208
139
71
204
212
9
220
91
129
91
100
240
90
188
72
146
142
115
163
95
97
175
119
142
54
167
179
105
136
100
152
194
153
166
161
159
34
158
43
144
159
106
184
157
52
143
99
117
78
226
78
87
102
116
224
153
157
88
158
99
45
117
166
62
-5
118
20
11
37
-40
-118
-63
11
-9
-114
83
39
106
-61
24
87
-70
20
77
66
-46
-2
40
25
37
-155
-130
-108
16
-21
2
-20
-87
-112
-7
27
15
104
1
44
-65
48
-84
52
-35
-25
48
-80
56
90
110
3
-7
-4
-42
-110
36
-108
82
-5
65
144
86
117
39
172
132
157
54
148
197
89
242
191
88
153
187
132
93
128
54
105
177
126
106
94
123
157
72
134
191
177
193
112
169
84
161
137
257
84
186
110
136
153
177
138
83
62
167
126
121
123
123
127
129
207
137
169
149
112
53
103
151
217
130
-32
-36
29
-17
-11
-79
158
-52
-104
17
77
57
118
-54
-65
-58
75
27
-73
80
100
5
82
116
180
-120
-65
-102
-25
-21
-99
-102
-47
28
104
-74
52
-65
88
66
-59
-209
-54
-26
5
150
-74
82
18
-47
156
31
-42
23
-49
-93
23
37
24
-6
-109
-69
-77
-160
-2
169
-4
166
83
190
117
226
99
189
40
208
60
83
179
59
145
245
125
226
132
82
81
87
200
122
51
79
132
157
69
154
52
90
81
155
167
176
182
96
130
122
97
137
68
141
152
13
148
106
116
203
114
125
163
186
128
71
121
100
69
215
140
219
-76
-63
-14
27
-29
99
-105
95
-27
-71
43
-98
21
85
-41
-34
27
-66
-37
1
22
39
-53
103
-57
98
-82
-141
-96
50
113
99
32
143
-73
70
6
123
-37
22
8
62
82
2
21
-35
63
26
22
101
50
110
-47
-145
-87
86
-86
51
95
-17
-76
94
96
-40
181
214
80
64
83
138
179
99
196
22
230
64
55
117
123
140
183
41
194
162
98
66
199
92
156
182
199
65
155
140
103
191
56
151
75
122
75
223
111
111
206
140
29
59
133
166
61
212
125
96
104
42
194
165
62
49
174
129
108
114
136
163
152
143
-77
47
0
11
-9
-29
150
-76
52
-34
-23
40
-38
-9
-62
-169
-77
-77
-2
1
-88
65
18
-75
-109
-107
67
75
-159
-167
3
-52
-1
44
93
146
50
-165
116
-41
-4
-43
5
-99
-97
-42
-19
101
-121
-38
67
22
89
-54
-47
-124
108
-1
7
6
28
55
-83
-159
187
104
79
60
143
86
156
135
106
208
80
178
41
79
105
128
92
260
74
124
34
146
195
75
104
172
68
215
105
132
115
205
120
169
224
190
170
186
76
59
206
89
202
181
152
138
163
136
90
90
108
164
191
215
82
224
109
165
19
104
154
39
187
111
73
52
144
65
125
-3
-114
48
57
115
63
-130
23
-2
61
68
-10
-23
54
63
13
17
38
-55
-66
-145
-6
35
66
63
55
55
2
-40
-19
-103
-113
-93
-22
-19
110
104
-77
-27
-9
78
71
-42
-35
-98
-1
-38
51
40
15
3
13
21
27
-28
-36
-13
138
94
107
129
164
194
91
76
153
159
199
26
100
157
188
112
157
50
155
59
148
143
63
140
5
156
193
101
146
-24
191
133
90
120
216
119
97
103
27
65
130
144
130
175
144
179
136
132
112
164
130
117
166
35
66
83
205
36
159
122
125
246
105
108
138
64
-55
32
-43
-151
-154
-54
-68
17
-50
-78
-14
-39
-49
-9
48
-69
19
65
-172
-121
-80
-24
-42
27
-53
152
-9
-34
34
-63
-18
-46
60
-158
-107
-25
-9
69
-1
54
-95
14
-136
-12
-111
21
20
-68
-7
156
85
74
12
8
-37
62
-37
19
45
50
89
-60
4
15
78
186
197
114
108
95
102
69
134
150
174
60
189
143
168
177
77
111
110
117
95
113
219
136
112
123
94
185
131
59
104
157
87
48
106
143
110
135
161
121
139
100
193
12
172
143
141
42
270
127
59
130
145
-24
110
187
152
117
95
108
152
105
150
140
83
11
46
-5
106
64
-91
110
85
140
-58
36
-173
-30
22
-160
74
41
-120
-6
51
-151
28
150
29
-88
-132
-78
-96
-90
-65
73
-29
-91
124
-29
116
-51
-149
-123
107
-6
-44
-3
71
-8
130
-61
50
82
53
-113
-75
-78
-45
35
101
47
55
116
98
11
35
28
18
160
39
162
108
84
163
172
229
68
119
137
91
92
30
147
231
155
127
132
208
127
136
99
159
136
105
108
170
163
154
100
261
94
224
69
230
61
127
57
108
80
141
111
152
32
189
170
150
177
99
126
92
204
56
90
171
137
91
188
157
141
194
211
-49
-15
-86
-63
-77
87
54
-24
-171
-73
117
56
-104
1
-83
-3
49
-71
-93
-50
3
75
63
-21
27
152
62
32
51
-22
-79
-4
-46
-125
-26
8
-147
19
25
62
-84
5
-60
-31
-20
-96
-56
5
88
57
51
37
69
36
15
-22
34
-40
-74
-10
-37
-5
13
-54
237
121
35
157
148
216
160
174
78
74
57
124
137
123
95
158
77
104
159
175
163
107
176
63
92
73
94
53
133
149
77
138
107
141
98
143
46
193
217
103
170
197
83
79
111
3
210
11
45
79
108
166
142
185
237
159
176
46
134
110
40
102
68
62
54
-58
54
-94
68
-26
6
-4
108
-12
7
-36
36
5
-48
72
-10
-8
1
-120
-30
-41
148
-10
44
-64
-86
39
53
39
19
-97
36
69
51
17
-11
-12
-68
-9
63
62
178
31
33
53
-48
91
-84
38
-136
-76
66
-9
14
-3
-113
80
-126
-42
-30
-63
-4
146
96
92
141
79
183
125
87
71
192
166
111
119
174
132
204
119
164
78
88
144
142
99
138
238
131
182
134
202
126
143
225
130
217
43
127
185
68
77
92
55
170
132
144
93
150
178
145
164
45
165
8
55
62
98
126
155
87
116
116
132
113
166
75
114
160
-46
-72
-77
-107
57
144
149
-179
-47
216
60
-13
37
-55
-36
28
80
-58
23
-116
-36
-97
13
132
147
-60
-6
-82
-51
123
135
-10
-79
-69
-104
-114
-57
-72
-144
-200
35
-118
-104
-57
-89
-208
6
-94
-91
40
-15
5
10
92
49
-60
85
11
78
45
61
-10
-125
201
140
162
100
203
84
134
148
34
116
192
81
10
121
227
128
86
257
146
81
148
183
25
82
97
123
192
132
78
207
147
126
91
218
168
34
136
211
166
122
62
154
160
198
151
94
217
167
48
110
136
167
104
200
148
119
90
141
65
66
213
70
89
99
6
33
16
-3
-58
-9
-137
-32
119
24
-92
-100
5
47
47
-48
142
132
158
-48
-32
-72
-18
89
-36
-99
124
67
30
-111
-60
-145
-72
-93
-188
-57
-43
-5
-72
-111
-73
2
12
-7
-10
3
38
-3
83
99
61
148
100
127
-88
-140
-141
-80
-55
-10
37
26
66
27
88
136
98
175
61
126
48
110
78
92
175
70
244
42
128
117
101
88
70
211
64
180
113
126
124
101
155
146
165
202
143
116
143
93
111
213
123
119
218
172
125
184
29
63
174
150
63
258
117
166
78
90
85
208
147
-13
110
164
123
111
46
169
151
143
122
-112
42
-46
112
19
94
-41
-31
-32
-2
122
107
111
-34
34
63
-3
-69
-36
106
-105
8
-108
-125
112
119
89
-20
8
-11
104
-49
-53
59
-137
-47
52
8
76
-120
13
81
-34
24
74
104
23
36
59
-24
107
-10
-180
3
-14
-21
-23
69
30
-76
-79
109
45
139
199
100
125
145
177
212
169
124
162
200
100
133
66
102
140
154
62
112
6
164
70
140
171
55
123
213
148
69
120
213
126
111
123
159
79
218
146
39
221
179
166
103
258
83
92
62
105
66
85
225
240
103
138
134
206
185
61
163
20
157
147
164
178
124
91
0
77
-13
41
-147
-65
13
12
-14
-67
-17
-25
107
-16
-74
-42
-53
-55
-62
-19
-82
94
-75
14
65
156
-10
60
-27
-77
76
73
-12
-32
84
150
14
-90
20
45
-113
-3
-70
-37
-22
48
12
-92
-32
136
74
17
-23
-85
-40
-163
-134
74
-10
-109
-21
83
61
112
69
146
102
160
144
132
140
166
131
130
191
130
115
154
121
154
124
95
57
165
80
160
43
178
106
54
159
112
52
154
102
206
114
205
87
132
141
115
153
124
165
151
177
49
124
108
198
86
172
102
248
88
138
170
98
190
67
169
133
142
208
160
-21
-82
-5
-102
-99
140
94
130
1
-66
48
39
126
53
-84
-44
125
119
148
12
-25
-73
154
33
36
-89
171
34
-126
0
33
45
-157
-56
60
-49
34
51
-78
18
163
47
10
-21
-119
2
4
-77
56
-94
76
-23
-51
90
24
41
43
-50
29
6
135
86
-52
0
243
97
122
130
126
180
101
120
185
91
76
130
64
100
48
224
179
63
163
108
137
202
108
158
76
123
138
124
49
63
242
127
101
215
228
85
160
58
188
175
81
78
211
106
168
123
135
125
153
126
102
195
119
75
190
134
179
185
139
63
92
162
38
166
85
144
25
82
-119
1
93
-52
-103
-8
68
91
-34
15
83
-12
59
-70
-2
84
18
-139
-28
-64
55
10
61
-64
-12
71
23
59
1
35
119
15
83
-8
45
-3
4
100
20
-28
39
-102
-58
13
37
-44
-122
78
177
-138
-85
-86
-47
50
147
48
-93
-74
15
48
36
66
25
171
107
98
167
62
43
165
67
142
248
78
92
161
162
222
84
164
185
40
170
142
188
175
73
117
128
43
106
95
203
59
172
152
123
135
97
119
170
42
113
85
247
50
177
64
160
168
136
78
51
3
147
180
20
189
31
148
96
118
177
88
-2
-3
38
49
36
79
119
-35
-50
-91
138
-17
66
50
-18
90
-20
-106
111
117
49
23
-55
-108
5
90
-31
-135
104
-69
-139
-88
-36
82
9
-32
-51
136
-14
49
-35
-79
27
-8
45
42
37
82
8
49
15
-13
-14
-16
-192
18
51
-29
35
97
13
-64
49
163
203
73
101
119
196
196
73
33
193
163
104
94
155
145
144
122
45
117
124
158
89
155
92
88
70
153
152
154
93
209
111
183
78
205
148
97
186
212
212
152
54
111
174
166
34
112
249
35
104
103
195
110
162
172
43
35
135
142
118
72
181
110
111
162
92
-22
-61
16
91
-67
-68
-14
4
-130
-100
-95
27
98
147
-50
-56
-24
-171
-49
-26
63
-62
-53
-150
89
11
158
52
57
-32
69
-23
-90
52
-139
-13
-97
5
-61
30
-16
-158
-139
-129
41
31
105
62
-31
25
36
-42
-72
95
39
25
-123
-5
-77
1
-50
-101
-39
30
96
200
64
99
88
154
96
152
80
230
48
199
75
122
92
166
175
159
228
126
170
107
191
147
146
216
113
45
78
146
135
73
108
99
20
105
97
202
46
158
126
47
60
155
153
127
86
203
247
11
130
132
204
175
31
144
172
57
104
101
21
174
71
-106
-80
73
-38
19
99
-77
-43
-72
83
-106
32
20
-79
-116
21
-54
54
7
68
134
81
73
75
-82
-85
-48
71
77
-73
63
183
1
-59
66
16
-90
3
119
21
-63
-45
56
226
-14
-142
66
-83
-85
81
57
-92
38
6
-90
-6
85
79
-30
-142
-20
-85
-71
120
130
121
70
135
131
112
143
161
71
276
-22
167
68
96
111
171
87
145
89
84
170
114
106
68
105
205
49
180
109
119
59
161
170
137
40
208
140
194
150
227
59
126
82
255
66
81
142
137
91
161
182
146
210
99
114
135
107
20
119
99
101
140
72
173
-59
29
35
-20
87
-73
-11
65
80
-172
-62
-66
-48
-37
-31
-10
25
-39
-127
-155
-232
-88
83
86
32
84
117
101
-17
-22
45
-42
-38
52
36
100
3
-14
25
82
123
11
85
10
91
-41
68
120
25
-157
31
38
64
47
-13
-44
2
6
131
46
26
-12
48
-26
143
105
220
142
93
108
163
152
49
83
106
104
86
224
104
79
189
189
132
93
114
146
210
29
222
114
206
113
162
158
179
179
116
169
110
111
101
212
65
94
152
138
179
106
156
80
94
102
131
228
164
180
15
218
130
83
178
137
132
170
240
70
204
39
89
-25
-146
37
61
205
53
136
-72
12
-61
56
31
-79
-6
-43
16
-54
132
4
92
-122
-25
102
-29
33
-6
44
-128
-85
31
84
135
33
-77
18
75
83
70
-107
48
-24
3
-129
-29
185
49
-47
-83
-20
-4
-43
69
-9
27
-99
-145
-122
20
6
-10
-38
-66
24
100
171
44
54
75
132
199
81
125
85
58
146
145
166
126
206
108
80
38
192
127
120
149
145
107
186
50
192
217
202
114
98
141
40
170
212
72
108
137
113
73
143
197
126
163
106
128
200
143
144
152
51
37
82
84
203
36
223
109
121
198
182
153
93
-111
-57
19
61
105
20
122
55
72
-52
63
-106
77
-79
-61
12
119
52
-110
66
7
-66
87
17
3
161
-63
-30
-17
25
111
-11
-75
-6
-4
-7
-43
-43
-73
147
-44
8
56
-41
-28
-7
50
-54
-44
84
172
-40
-4
53
35
-70
-21
23
-60
29
-105
-50
-144
-102
141
38
112
168
134
176
40
131
157
114
261
204
125
65
141
34
68
132
90
129
103
195
90
92
162
83
65
142
127
140
27
230
181
183
182
100
142
184
134
197
144
69
130
81
219
154
93
107
85
152
88
175
243
51
88
94
218
167
124
120
121
181
170
107
-68
126
-160
46
-159
131
3
-34
-12
43
-133
25
-108
60
9
14
-69
-16
128
-32
-1
28
173
26
23
-19
-23
160
148
25
-63
48
-18
-20
-17
112
49
-64
4
-156
-29
-48
-82
-53
-4
-31
111
-64
-89
35
-78
-77
133
7
-13
74
-11
137
172
-51
104
-73
117
216
59
154
118
70
189
47
259
141
79
123
151
89
196
192
152
151
93
160
101
90
116
92
50
147
55
126
175
230
61
63
95
146
123
98
207
178
135
64
121
88
70
128
127
123
40
100
183
113
118
219
122
167
145
180
202
207
81
183
187
61
155
146
46
150
-201
-46
165
27
-1
32
-47
-76
-90
-73
-124
-144
-15
0
-21
-34
63
-109
83
-81
104
6
51
-17
35
-29
90
-16
33
10
-22
-67
111
66
112
118
-54
-56
-5
40
121
-73
35
-25
72
-74
59
85
22
-183
-138
-25
4
-43
0
-53
78
-102
109
-14
-111
12
93
121
191
90
101
139
117
128
235
75
154
158
57
211
70
80
222
164
136
181
144
189
130
145
149
222
180
147
132
92
149
107
151
160
90
166
147
190
139
71
130
128
115
248
195
53
197
17
155
52
187
173
46
236
103
77
244
117
60
193
182
166
92
83
145
151
22
-74
54
-35
59
-64
54
68
23
96
-80
47
-70
-54
-81
52
90
13
-70
62
-35
-2
-144
65
102
98
-76
119
155
151
-7
27
83
-89
-11
28
23
114
-26
-73
-47
11
136
-37
-56
139
-55
-70
-83
22
20
72
23
-45
-77
58
-54
54
12
32
26
37
86
-84
84
140
119
106
33
54
89
105
176
125
143
150
91
208
92
27
187
65
98
127
126
91
138
193
159
106
57
142
67
146
159
55
184
107
144
102
164
117
69
116
159
235
72
183
45
188
185
139
112
129
121
137
99
182
31
195
157
142
132
45
151
99
93
189
-176
-139
-3
-37
-32
27
69
97
-79
-2
19
-46
-52
-8
-17
-126
-150
104
-62
51
102
135
120
-78
-125
18
-50
-113
-35
100
114
30
-81
-10
44
88
-48
13
158
43
-33
-12
-133
-117
56
-77
93
158
172
11
-34
42
-9
-70
71
-33
73
190
-6
-78
46
126
-10
-75
129
91
206
25
246
95
225
79
95
148
228
136
176
129
186
106
161
188
175
174
161
57
133
80
171
117
220
159
160
74
176
224
79
224
55
102
171
116
124
131
100
228
190
36
176
55
73
124
90
67
144
129
210
157
104
129
131
161
125
144
169
130
39
178
42
123
46
78
47
-76
46
-45
-50
-92
44
-50
90
-149
-11
-40
-22
-113
30
2
24
-91
-40
87
-49
-152
-57
-59
47
98
4
2
-116
166
93
136
11
-118
-88
-142
-10
-72
-53
-81
-206
-39
59
-125
-38
100
-13
-179
0
19
1
-146
9
-125
-36
-15
119
-22
-122
-25
94
155
122
123
157
99
123
151
74
56
88
141
62
147
150
65
113
210
55
145
138
112
93
157
154
179
106
150
-2
119
162
146
168
168
56
172
60
83
199
123
104
161
126
189
144
95
159
180
95
140
18
212
151
145
171
170
108
38
80
144
171
106
158
100
35
90
58
-79
47
-42
75
-2
-16
-51
-113
60
-98
-17
-121
-15
69
-18
-144
5
35
110
15
63
-86
68
-24
-35
-52
-82
19
28
34
52
21
-67
65
124
100
29
21
60
51
-92
35
-44
48
85
73
53
-10
35
-101
-153
-10
103
127
137
-103
-53
-53
-69
-131
-81
-43
149
74
70
-23
7
14
-69
-107
109
-8
120
-60
-42
45
9
-43
15
-102
49
5
74
98
1
-76
139
1
74
-10
57
70
-48
-124
42
-12
-19
111
-25
-93
0
-44
61
-86
-22
105
52
72
-14
-89
-104
-46
45
-78
136
-95
8
-60
28
-68
-68
-27
-6
49
-20
-49
50
-87
-67
-69
-322
-109
-20
-134
33
105
56
265
-126
-4
82
183
188
-43
137
-116
40
53
-182
-181
31
155
-9
-64
71
127
-64
-29
41
-31
-153
158
229
-87
64
-137
-184
48
-103
-51
-4
19
145
14
1
76
28
-76
-101
-9
45
77
2
7
201
115
220
-172
49
29
-21
-39
-71
-86
30
2
-123
20
110
-159
139
-31
64
-130
-68
69
-179
-20
95
100
76
25
-83
-25
3
53
-109
110
76
19
-48
76
93
26
28
-3
-146
-3
77
38
-52
79
-175
-16
18
139
-189
16
-84
20
-92
-85
37
30
-39
-149
45
-55
17
101
-83
38
88
-109
-84
90
137
-143
-177
-132
-14
-28
71
-28
-157
128
-37
-22
-41
-50
201
24
-78
36
-130
156
196
-13
-35
79
54
-156
-144
-17
151
36
10
-45
-63
70
-122
15
-92
-43
-42
-82
31
68
-43
157
-117
-117
-1
116
-69
-106
-97
4
-7
-119
-98
-3
46
-194
36
60
12
-17
44
-129
27
6
-84
50
49
143
24
-134
42
-49
88
-92
-3
16
40
-61
13
-150
-35
-93
-100
-80
-4
69
-101
191
-71
90
-33
152
-44
20
68
-14
113
-15
-26
-9
-89
110
44
-148
-67
81
-56
125
-63
-146
92
26
-69
62
-83
-23
-65
31
-44
-4
57
-125
-5
-29
-61
20
246
123
25
163
-24
65
-19
-7
-197
3
75
-182
160
-26
120
-60
203
-41
-26
-10
160
-107
-81
144
112
128
44
132
-11
-46
90
243
132
62
160
52
86
-66
-55
-91
2
28
29
-13
55
-68
-41
17
-72
103
-7
-130
47
-118
37
130
75
-191
-57
293
-3
-47
121
-127
46
-10
-229
66
-5
111
36
-108
-17
-5
24
-12
44
-27
-57
20
63
92
-176
32
-54
85
-33
99
-90
-128
-42
107
-60
107
35
-60
-98
109
-36
37
35
-88
-8
99
-85
53
-2
115
-158
-6
-76
10
24
90
39
-58
17
47
55
10
32
-11
-174
7
-109
-164
32
7
-57
-115
12
-40
-148
-68
-103
163
-26
45
-285
-137
-200
-145
80
-274
5
-1
8
-32
-80
146
-77
1
6
75
80
47
129
-40
-154
137
-27
80
189
79
-135
-136
-192
-95
136
-36
-142
104
90
-77
-95
-71
43
-138
41
-65
-67
40
-274
-189
26
123
80
-26
79
-38
82
13
27
-6
-27
52
15
107
185
-90
123
-34
22
-11
-72
112
67
117
-138
23
-51
20
74
-25
59
114
-131
-20
4
-70
95
90
-9
176
-27
71
30
-80
4
37
-93
21
36
-109
30
24
60
57
16
-6
97
43
62
-169
-78
14
-48
87
-45
-67
34
-25
-32
-29
-199
52
-8
-137
25
58
102
57
20
158
65
226
-6
-61
-291
-39
-42
-158
189
-120
128
3
-174
65
-81
-121
34
-67
-101
-68
105
192
-16
45
-121
136
-125
-70
150
31
-238
-195
-161
-88
119
-1
204
-41
-190
-41
60
-77
-198
-6
-29
198
-116
42
-131
-155
80
51
-169
-92
119
16
55
-24
-103
-45
34
41
64
-60
116
65
15
92
44
-50
134
78
100
-2
-8
93
-3
11
-34
-43
93
-105
-91
26
4
105
-117
-11
79
96
-6
-24
-117
80
1
51
-10
41
119
11
-71
-76
1
100
-55
-39
0
-57
-18
39
66
43
1
-60
135
-32
22
104
86
203
25
-190
11
121
182
-53
-73
-107
-11
-49
81
-147
28
-193
-51
-168
63
-135
-42
-219
-163
-21
-26
20
-64
-16
-68
199
-159
113
-80
-75
99
39
-125
-7
93
136
-56
-33
-110
1
-150
44
178
-1
-121
28
209
98
11
-122
86
33
-318
-104
104
9
156
-4
31
-47
-40
104
-32
20
-7
131
-113
25
-1
-38
31
77
33
-27
-10
83
9
-117
-16
90
60
-49
-14
-40
216
-90
-86
69
-44
-122
51
-12
-9
29
72
62
19
152
22
48
-78
2
-117
-48
-81
-37
-59
92
120
51
125
-123
-114
-96
-8
-140
114
102
-6
78
-65
97
-70
80
8
269
118
-59
-19
72
71
159
-63
-147
22
115
87
-60
-82
-121
-14
88
-267
-185
-167
8
137
-14
105
78
82
91
-72
-129
69
65
59
-185
1
-113
-45
-135
-213
56
-80
-175
-11
119
9
143
-101
14
-9
-44
51
146
-30
15
291
0
-161
91
-44
37
113
-15
-31
73
-81
-4
-21
59
-64
1
24
98
-63
45
-66
84
104
104
-91
79
136
31
-67
75
1
42
54
52
92
-170
9
102
48
6
131
97
-39
38
-73
-16
48
118
24
73
-84
90
44
42
-102
94
3
39
80
6
4
-33
-81
31
-85
-150
127
15
25
-124
-46
55
-74
74
-89
-29
-119
78
92
-90
-93
-56
237
-156
79
14
86
142
58
-50
89
8
-220
-207
-140
-142
104
83
-142
-73
-100
82
-74
13
67
-116
-80
-73
-76
56
-10
-118
-168
97
44
-66
-84
183
-74
152
-10
-5
149
101
148
181
159
-3
262
37
-183
-71
35
-42
-6
124
129
-124
-27
48
14
-99
-111
64
106
87
-25
46
-18
47
-53
21
-117
-105
6
80
-97
27
-24
-161
95
-128
-97
91
-51
44
-31
-25
34
59
35
-89
54
-84
-51
70
10
-104
9
69
-52
-133
67
-42
102
58
74
16
99
-98
16
165
32
-1
-85
44
70
-68
-79
-177
39
-142
-223
-69
37
-109
-98
17
48
-70
-119
102
22
110
173
-150
-87
-113
-127
102
109
118
24
8
14
225
-64
-24
-77
-105
-9
136
-44
-16
-62
76
-3
-156
-50
19
270
-66
36
24
48
55
-123
109
3
-129
-80
-31
122
108
100
12
-72
8
-118
111
-6
87
0
87
180
43
122
-44
-59
-113
113
-101
-140
14
106
-3
-80
-22
10
-32
-104
83
-1
66
12
76
20
-129
-8
43
88
159
-85
-58
-108
199
-67
41
-60
43
-80
107
39
15
-2
45
-98
12
-62
-195
21
-85
-74
69
134
-46
22
-21
51
-14
63
25
45
-87
71
61
-62
-136
63
5
102
35
114
99
99
187
-27
-133
10
231
12
274
81
-73
-191
-5
-37
20
-183
134
-59
15
-155
-5
-60
-127
-72
-28
-166
95
-104
13
-86
105
0
-99
-246
-68
188
178
8
-74
23
14
-21
134
35
-176
35
207
126
-95
-238
136
-147
129
10
-27
36
-151
-19
77
162
-140
-26
-71
92
8
16
-58
-115
68
-45
-106
-129
30
114
-84
-88
38
17
-66
-108
148
35
-49
3
51
68
134
-50
-130
-132
168
57
-34
56
124
-133
-19
-42
-46
-114
113
-20
112
-16
-41
75
46
22
32
-30
18
-19
202
48
-35
-39
43
72
-118
-127
66
-85
-36
-42
-131
14
-7
142
-102
117
91
-70
-231
37
-10
-43
19
-99
-96
39
-210
40
96
-153
-98
60
77
-120
-326
-71
48
-33
-44
-139
-65
79
-127
-125
68
12
4
193
82
178
99
9
119
217
192
-12
18
-124
-67
22
-49
91
96
-157
36
-73
-75
-154
125
125
-119
-38
6
188
-75
30
33
53
96
71
-28
-99
-11
27
-102
-34
32
83
63
-62
-20
-79
-53
72
34
49
59
180
-159
35
-31
2
-37
-88
136
66
16
39
35
27
12
-27
90
-11
78
0
-56
-12
44
-74
-46
-36
45
-142
-49
27
-90
-39
-10
-117
-46
118
6
-176
-134
-44
-93
112
-149
-34
-111
-71
-237
-83
12
-99
-223
61
-120
-175
-97
-131
71
-66
50
180
-6
70
-114
-54
-80
-87
-280
-192
-206
-253
123
-35
101
-200
-103
-123
-126
-145
120
69
-122
-202
7
-107
99
-155
-84
127
147
-53
-3
-45
56
91
-26
6
200
51
-21
101
-31
-49
-108
-166
30
11
-17
3
70
94
-20
103
-189
-26
16
18
-42
-144
51
30
-65
-91
117
-133
-15
31
-61
-4
57
-12
-65
-121
53
64
-83
22
5
-82
96
51
-97
95
76
-9
104
-29
94
-126
39
41
-50
3
25
13
-84
20
21
-117
107
-149
-67
-83
58
-29
-26
49
5
196
-111
81
82
-151
-3
103
-164
73
-79
61
-107
-20
105
-76
-256
-137
117
35
34
74
-35
-91
-134
-172
-170
162
-59
-35
-231
-20
22
-139
123
156
3
-206
-282
-80
-70
-151
156
-198
-113
-104
81
-180
-62
49
-96
60
-50
-6
93
21
0
17
152
122
-135
-144
11
-202
48
68
-8
-54
-150
-9
-62
-39
77
-92
-99
75
45
59
10
-28
-55
95
148
-59
-32
-44
92
-71
-119
95
-16
7
61
-170
171
-21
-5
77
-83
-3
-148
-18
-108
-32
14
27
-32
-5
-17
74
-47
-4
-48
-17
38
14
-5
37
51
86
89
-178
34
-44
86
-72
-135
98
-128
64
173
30
-65
-45
157
-19
125
-55
134
58
-160
-10
115
52
-272
-51
209
-72
243
-177
-26
188
84
172
80
-154
-88
66
-120
-11
-102
-140
139
120
-11
-37
-96
-112
-54
198
94
14
-40
54
43
49
231
31
-20
179
-3
66
51
23
-58
-9
-275
-133
18
72
5
-152
-147
-215
127
25
123
-87
-160
30
-19
134
115
-5
-21
94
-81
60
118
25
55
24
-25
-93
72
-76
-95
-131
-32
6
27
-139
103
70
-3
-14
-93
66
-47
-28
12
-99
120
86
-94
-108
82
-69
-96
-4
159
-61
-133
33
40
-6
-23
-42
-77
-35
44
57
57
-58
-16
115
-84
89
-1
131
-75
31
72
-26
105
-147
33
123
105
-68
115
-91
8
-24
64
104
94
6
17
14
195
39
31
-147
196
27
-24
36
-52
-165
20
17
-173
-80
-11
81
-96
18
108
30
115
228
-3
156
133
-62
84
-5
40
-148
-130
0
-173
-66
-13
-82
-44
2
206
-92
-59
-119
60
-148
-121
-22
80
-114
46
107
32
-55
118
110
-105
-44
-59
-50
-14
-39
104
156
-46
-2
16
-4
158
-11
-36
-27
0
76
122
-65
-156
5
15
44
7
40
-111
74
-119
94
-95
34
-54
33
72
-85
-73
-51
-49
65
-140
68
-70
111
81
-4
15
45
91
5
89
-13
170
-27
-94
-190
67
-59
-270
19
-59
107
-81
-201
98
-79
-118
27
233
135
-56
71
58
295
22
-68
-45
64
94
197
-56
-204
19
22
7
-50
-19
-156
-181
24
44
-19
-158
72
63
221
-1
168
-77
-97
-19
-49
-128
-175
-79
-123
84
75
239
-20
-60
131
-150
24
1
25
19
-19
-21
-95
63
-148
31
-1
1
-110
129
58
-47
42
71
-87
89
-115
157
179
10
0
31
-15
86
8
-77
-100
-55
121
121
-72
-89
1
-11
72
42
44
109
-77
2
-3
-64
11
28
70
110
-60
-7
0
-10
-54
94
72
-8
36
-199
9
-91
21
-38
-62
47
-133
1
50
36
133
48
39
117
-32
-80
-51
-276
83
253
84
-120
-117
-192
14
69
129
-94
5
-60
-22
-23
-14
111
85
-130
-138
90
-40
-164
-30
159
99
30
180
49
105
-84
-258
-231
-12
-88
-90
-6
152
-36
-194
26
90
16
-9
67
1
-4
-7
-41
17
108
-98
-43
182
-158
-34
-28
-150
-7
-41
67
15
18
14
-25
7
-57
144
-70
24
59
53
41
28
-40
-5
35
20
79
-44
-68
-66
102
-11
13
-94
2
-25
41
119
-51
80
-91
-33
-74
3
-90
107
54
17
143
-113
22
18
49
5
69
-130
64
42
-13
-77
32
24
-4
-112
-141
157
-121
82
121
61
-142
-31
-47
-38
8
-208
-231
-84
-141
8
44
116
35
-214
-32
22
69
74
146
-46
112
-80
-45
-95
16
125
134
112
-97
-94
17
34
-151
-38
-11
69
58
241
-47
-263
27
-3
57
-39
191
-116
95
170
35
121
46
-61
146
-232
-135
-58
-54
-143
-34
164
134
-90
19
-44
89
66
-42
69
44
-63
113
-79
44
-45
98
14
-104
-106
-7
-41
-13
-11
-58
44
132
18
-1
-190
174
-74
41
-52
61
-65
32
-25
115
-51
203
-62
-147
129
135
46
-140
187
43
-90
11
-84
-21
-65
55
-8
81
-37
-3
60
-19
-137
211
-148
4
-45
65
13
235
-49
-98
-15
-124
-59
89
18
-30
-134
-95
-64
-68
-42
-25
-145
-125
-123
-109
30
60
-43
-99
-61
73
2
58
77
53
6
19
-110
-32
44
-21
59
85
58
195
23
-3
-48
104
-54
62
-9
138
-101
-188
-48
-194
73
63
-42
-36
-145
-183
73
-68
-42
114
13
130
130
59
-13
-21
-112
86
-41
-159
82
20
-28
1
-61
23
37
38
-42
-10
80
-64
96
114
-12
-25
-104
15
-130
5
-45
-74
-72
35
-99
74
138
36
-35
55
-56
47
-114
67
17
-77
75
-18
-87
117
37
85
-173
127
108
-26
-12
12
-26
-20
-87
109
-85
126
66
-10
116
-133
-209
-11
-61
-205
-157
-59
-61
107
41
-54
-116
-2
-101
83
-21
-23
-57
-186
-190
131
271
252
259
-23
209
92
146
-98
-59
-47
86
45
-29
44
-75
168
7
-119
-100
-170
-14
-157
-169
-69
156
-140
-38
118
-36
21
-30
-123
108
18
-110
192
129
54
0
-4
170
161
-99
-130
-7
40
15
74
96
2
-52
5
-88
162
-48
93
-31
-16
23
-64
11
-20
17
89
154
19
-11
66
-147
-40
-114
-45
96
112
-78
-59
-9
-162
5
-26
60
54
-148
-3
-52
-9
-6
-102
4
65
19
-86
-85
-67
51
109
42
-129
-87
2
-29
72
-72
35
-39
3
-24
-55
-44
149
-183
-195
-170
-121
6
2
28
78
188
-121
136
49
20
16
256
5
-100
-53
-16
-35
40
-46
-23
-72
55
-120
16
9
-130
-101
-101
8
41
-31
-92
-12
23
-123
-10
74
-27
-91
22
-28
75
1
-3
61
-160
-40
95
104
46
-118
45
109
-148
48
-58
150
-69
-154
100
-64
-74
-4
123
103
-101
27
-52
-114
3
-1
70
-8
-53
-116
-7
90
-51
32
132
-1
92
-138
18
-10
-138
24
-126
21
-153
-11
51
-66
-66
68
18
-27
-42
91
-67
147
43
51
-112
2
-2
-26
38
-135
94
-69
-87
-58
75
22
-77
94
33
-3
112
-76
45
-37
42
160
-52
31
59
5
16
-7
167
67
-14
-180
-19
-36
160
54
9
-36
-64
-127
-13
83
-122
-10
72
-92
125
-27
111
2
108
-146
-101
-149
44
-35
-69
-153
12
-154
17
182
159
169
108
32
111
124
125
-139
114
144
50
192
254
159
-96
25
-120
-19
-132
-96
-268
69
-30
-77
-52
-53
64
176
-38
-25
70
73
-150
64
-31
-44
52
31
-64
-37
58
32
-147
31
11
-120
104
46
7
-6
-82
-32
-66
-117
179
4
-99
73
-53
113
-64
-36
-28
86
-35
87
-48
46
-98
35
19
-109
53
-172
0
-133
114
-69
12
-70
-89
-80
-4
40
-19
23
-7
-162
3
58
86
94
123
85
-132
43
-25
-49
160
54
8
9
161
-86
-161
21
-44
-139
93
55
-14
-35
87
-44
151
62
6
48
94
42
-78
-135
-28
-72
17
85
31
45
54
17
-59
-111
-117
-20
-59
-184
57
-132
-27
-41
34
138
-111
-58
-11
17
162
-212
-108
85
172
84
-33
-126
79
58
-16
-5
39
-19
8
24
31
69
-110
176
-29
-113
160
-51
-22
-7
29
-114
103
-111
84
39
29
-72
-54
13
89
49
-47
122
-76
-31
-92
-3
-73
1
-46
-20
20
-2
-17
63
6
-29
-106
-46
-7
14
55
2
68
36
-38
25
-71
21
-16
19
32
8
-122
79
51
174
158
-101
-155
31
-63
226
280
97
198
-22
230
-9
-157
-69
-142
-53
-55
157
-61
-80
-177
-4
43
41
160
29
-81
-50
-46
-31
-199
-191
63
6
42
-147
-97
-152
-98
-247
55
-193
31
42
-78
50
-256
-201
64
105
-24
-47
-170
43
46
36
109
-28
11
-7
-29
-64
-46
2
-11
0
64
-55
71
-180
76
78
-47
-121
-64
-20
-32
13
-153
-10
-61
32
102
18
-59
-84
-37
48
49
4
29
2
-112
20
-36
-68
40
-64
-112
-33
75
0
3
-29
-42
87
-41
54
7
-12
-3
31
-110
103
96
-54
7
-76
-55
29
-46
-10
-32
69
-84
-139
53
7
163
-161
-189
-252
-151
131
-73
132
126
-42
49
86
-20
4
38
82
-34
-67
-95
-72
-208
-92
-96
-28
1
150
-29
159
-159
-165
110
-175
-121
260
122
-91
142
-104
119
82
108
-26
-102
-25
-86
-100
-38
-106
192
166
169
-94
16
-128
-60
83
89
-106
-2
69
58
-71
-94
-68
24
-31
17
73
63
-234
11
-187
45
62
52
103
-165
101
1
-23
4
-76
46
8
-76
-16
-125
124
88
-31
-26
-17
-50
164
-34
57
54
-35
-19
-138
9
-24
-89
-97
35
133
-17
26
-41
-16
-8
123
30
71
-81
-44
93
-43
-93
-43
-73
114
1
-129
7
-30
-49
112
219
208
-65
-136
-73
-18
-102
-16
104
-259
-106
-25
-73
-165
271
78
-159
178
-47
119
78
-15
-38
-64
80
8
-66
87
-84
-55
134
-33
28
141
206
-15
32
24
146
35
-184
-4
-112
111
95
115
87
-207
-9
-94
58
-66
-56
39
-131
-50
32
-82
-42
67
-69
-49
34
84
88
-22
19
63
58
52
-134
63
124
-54
-27
-13
-78
-11
3
-24
-18
35
94
-5
23
114
-107
-68
-36
49
-24
-167
171
154
-114
-89
-20
-3
80
-85
97
82
-74
-65
-29
88
-14
-11
5
21
-109
97
73
80
-90
80
44
-82
-20
-52
132
46
-95
-141
120
156
8
-73
26
-24
92
100
-11
75
6
63
73
-33
-33
7
-1
-116
207
-149
-245
-144
-56
80
-178
-94
-38
-13
34
26
-8
-8
-163
97
224
6
-85
-171
-96
19
5
-211
193
113
-149
-62
-52
286
34
55
12
-94
-5
-70
119
-57
103
121
34
14
-119
-145
-57
-15
26
146
65
7
114
-19
20
134
37
60
-101
61
20
141
-185
97
-143
-105
143
74
65
-19
165
5
-59
-81
23
26
2
-37
14
-119
102
174
-35
-69
210
6
72
-3
-21
-104
35
87
94
14
9
-77
-82
-14
-2
31
-125
85
-7
-118
17
-15
36
89
88
25
-35
21
78
23
105
107
140
28
23
-48
147
-36
-91
141
8
-25
110
-165
58
-10
-81
92
-138
-46
-43
20
-167
-107
-109
105
103
-29
-76
-50
-185
38
109
188
30
-35
-92
-142
45
0
3
125
27
-155
83
-50
7
-168
-18
-25
6
46
154
62
108
8
-35
-83
45
-115
113
-74
150
-21
-35
92
65
25
-83
41
40
59
-64
52
21
79
28
-62
-18
-45
19
-93
111
17
-35
123
44
72
21
59
-46
-36
112
-74
-5
152
-45
24
41
30
-74
86
56
22
-186
13
-90
-66
-26
-66
-124
196
-118
103
-16
91
-128
80
91
-2
23
85
-6
-13
93
-56
79
-84
21
-4
-125
202
114
-145
-5
2
88
-53
-44
-108
57
16
47
158
-134
81
64
126
-59
-162
87
51
-10
-36
116
91
93
-160
-72
212
61
133
35
-214
-43
16
72
-132
-200
30
-19
173
28
-91
-131
0
77
-60
-72
-107
16
71
-70
58
-174
16
156
-70
-67
-8
-37
88
-81
10
-58
-57
1
7
-16
76
28
-136
167
-15
-84
29
111
-167
44
-128
160
17
25
45
-9
-86
-10
50
29
-12
-82
-6
44
41
25
19
126
129
-4
65
-6
83
-160
70
-72
86
85
123
-90
-15
-43
-26
-3
112
-83
96
-58
119
18
49
-20
180
20
40
-104
-125
214
-2
77
69
147
71
89
38
15
-76
-65
46
217
-65
64
-79
-58
88
56
100
-40
-14
49
155
-54
-7
-169
80
165
114
72
96
-11
-60
-81
-12
20
-115
-71
-95
-155
9
-62
-150
-21
152
-68
-165
147
-71
-19
19
135
73
40
-53
61
97
4
-106
115
3
-62
85
-65
-22
-61
154
-47
34
19
96
-127
36
126
22
-28
87
-46
-97
133
-77
-5
-40
-21
73
-132
-25
16
115
-81
44
8
14
152
-32
69
53
133
-23
29
69
-43
-9
-136
-20
-144
86
-3
-15
54
-12
13
89
-227
73
-57
-57
-55
13
-99
46
-7
101
-61
215
-136
90
107
-30
179
-172
-88
-165
46
10
262
-136
-239
-69
-187
-66
235
179
-156
179
14
30
40
74
309
-43
25
143
7
-195
14
111
123
-16
87
-10
-91
109
-141
33
188
-8
23
106
14
66
-51
46
97
-36
73
-135
46
144
86
-16
-204
8
-31
-39
125
66
8
-37
-100
116
-39
123
-152
2
71
179
33
-43
29
43
69
152
12
167
-147
68
138
7
-113
-91
-158
168
19
100
94
-3
84
-157
-34
-8
74
120
54
-225
77
147
-94
108
-132
45
45
-87
-218
19
185
18
-106
-140
-113
46
-155
156
-20
12
-23
-45
85
-132
-67
249
107
158
-27
75
-96
-33
160
-44
63
104
-207
50
131
-72
23
-112
-71
-28
-50
92
-89
-13
-39
49
-90
101
-25
56
47
133
92
-61
-113
38
-122
39
-168
-110
-298
80
-109
-88
11
-145
245
195
-78
-20
12
77
47
140
135
31
-47
54
-136
16
4
2
-61
212
90
