20
56
59
105
78
253
32
230
237
200
140
250
98
108
251
117
183
128
78
225
153
35
17
94
194
56
180
155
102
34
233
139
230
59
159
100
187
95
210
25
202
80
133
144
102
58
192
246
24
12
50
19
10
5
42
58
9
167
139
141
8
231
230
251
30
80
104
185
49
89
153
90
208
157
190
78
78
171
190
215
180
96
117
230
4
253
236
251
183
44
156
55
80
14
225
192
210
218
162
194
157
135
153
126
209
39
81
215
216
167
43
153
77
37
199
241
226
234
94
218
129
243
109
3
183
121
214
88
0
162
202
234
157
218
240
139
162
211
183
25
249
78
141
30
76
12
227
209
134
187
91
136
54
217
60
36
247
147
148
137
58
218
101
198
76
58
152
242
115
0
184
242
250
140
250
3
129
33
201
207
9
253
148
121
37
70
127
203
29
233
117
19
4
49
103
165
102
73
153
5
238
231
81
238
32
51
133
247
67
32
238
55
45
206
181
196
247
162
198
169
131
40
166
250
38
117
47
87
79
231
132
105
133
61
248
113
59
101
43
197
59
123
153
125
138
121
48
239
11
200
68
199
152
10
136
147
18
236
48
33
70
166
231
61
64
244
17
219
157
181
104
90
107
99
108
36
201
93
5
127
194
65
93
169
237
202
85
91
105
199
198
137
243
221
43
162
29
61
49
91
248
9
242
79
206
227
1
203
99
201
180
156
47
36
4
46
8
24
132
82
180
140
24
38
183
107
98
90
50
3
216
193
244
230
65
172
6
128
77
161
191
124
144
213
26
174
109
158
45
16
217
202
124
226
147
151
133
224
74
76
188
122
55
103
39
122
46
243
223
138
90
67
190
185
243
86
105
125
208
8
47
196
37
88
174
168
129
15
49
182
49
65
12
15
122
42
204
2
56
46
98
98
233
107
35
26
244
49
129
244
106
39
27
114
20
35
175
77
8
172
121
240
221
165
249
243
221
94
219
111
48
151
124
179
118
147
135
223
1
144
167
51
249
106
117
4
96
216
140
195
209
89
191
70
188
65
94
13
45
5
191
255
186
156
150
66
81
180
220
60
30
122
82
195
139
168
179
133
27
39
214
83
145
110
159
250
24
2
121
38
228
92
107
80
11
67
23
15
219
83
135
97
195
250
207
24
76
82
155
200
93
248
164
210
156
179
109
186
123
9
129
46
8
30
93
93
180
87
30
25
161
107
208
0
113
125
111
150
36
58
48
240
60
23
62
181
253
99
151
178
182
106
250
144
195
239
153
55
196
73
184
213
205
105
87
188
107
31
17
92
193
245
107
42
223
100
42
69
232
4
130
34
167
116
147
22
140
171
91
132
116
157
152
49
145
205
29
212
241
173
221
110
146
143
92
25
234
235
155
156
253
134
202
157
180
212
138
121
225
135
69
16
53
60
58
148
149
225
140
39
135
178
34
219
32
114
235
0
10
246
120
199
189
22
56
123
100
201
12
164
9
47
127
225
158
205
160
190
204
23
69
30
161
4
134
190
210
230
81
7
35
204
92
157
143
162
106
68
77
224
39
5
162
66
85
28
17
166
58
50
216
94
160
248
9
194
183
202
45
180
157
247
138
141
245
131
182
115
122
247
111
230
54
142
245
248
69
117
3
196
91
4
38
140
183
164
233
95
47
34
115
209
123
70
172
209
229
124
148
37
60
82
220
108
134
151
144
164
134
18
3
104
73
9
127
182
99
106
63
150
136
70
244
60
52
197
42
137
82
184
89
40
241
179
157
28
68
244
252
132
157
16
107
224
25
80
224
93
185
109
24
186
159
157
249
251
246
203
6
81
157
187
2
47
214
178
17
150
210
159
166
49
184
242
113
172
119
152
142
150
128
134
242
169
88
41
126
95
115
207
180
102
116
176
242
164
241
65
107
169
85
144
235
15
183
127
12
138
57
165
49
99
44
86
94
103
185
139
247
221
0
132
243
11
46
137
114
198
200
7
47
25
95
49
248
203
7
247
77
120
98
155
195
121
81
20
182
43
189
159
218
185
238
70
229
189
198
25
219
113
8
149
151
120
81
20
48
57
237
46
178
109
236
152
202
2
76
139
66
119
195
228
216
34
228
181
254
25
162
40
58
132
186
5
231
212
205
157
7
27
240
160
88
84
250
249
114
78
222
140
85
40
9
90
64
230
233
215
32
183
236
161
211
3
87
117
20
169
168
166
34
234
157
238
66
34
36
3
141
91
251
44
39
222
181
162
199
102
174
227
11
5
24
49
34
71
213
19
70
138
182
30
219
254
78
178
138
56
122
240
235
28
223
16
202
148
78
171
1
149
232
23
45
143
244
5
41
107
49
186
29
235
29
198
252
91
172
42
163
83
118
116
22
161
212
17
211
166
251
137
17
210
23
211
246
183
50
164
195
30
21
183
185
43
18
244
204
130
221
130
115
114
245
35
186
92
80
119
112
139
227
220
164
211
199
158
91
25
188
59
13
122
44
78
185
254
59
36
40
210
192
174
22
171
57
62
86
223
116
118
176
137
121
186
66
101
100
198
193
36
21
157
19
117
124
91
31
22
43
112
64
212
253
241
98
22
38
78
48
245
115
192
76
176
63
211
234
186
240
158
107
185
154
137
168
47
172
218
83
221
56
87
232
192
223
137
70
176
246
249
213
154
61
186
191
160
88
243
103
189
33
141
203
26
226
206
227
154
197
66
4
145
100
81
86
212
110
215
233
20
183
168
217
144
208
30
23
161
218
96
219
66
173
45
182
238
170
245
74
203
245
229
173
83
186
212
136
58
82
71
88
249
25
103
68
12
236
83
249
12
105
103
116
183
70
175
190
246
97
131
126
26
134
107
226
208
97
127
167
22
63
99
48
14
107
252
29
127
228
192
71
47
135
9
204
213
91
130
100
19
110
210
17
196
196
82
107
179
24
219
210
212
211
111
27
22
240
36
71
75
179
106
37
64
137
37
254
206
31
171
129
243
14
46
85
109
39
245
115
9
170
206
75
105
25
191
117
154
116
106
122
131
7
129
152
236
232
73
182
105
204
12
103
140
120
84
243
202
109
130
177
95
178
22
178
161
35
156
186
52
10
133
133
189
97
186
73
131
183
222
121
10
52
151
168
23
140
97
85
189
42
62
237
136
58
119
10
217
110
158
136
163
232
127
147
205
131
26
112
197
197
61
69
86
57
60
98
197
20
213
130
218
104
218
85
155
116
8
129
83
91
222
9
186
225
50
232
96
107
136
242
228
206
110
171
253
206
112
234
231
47
26
241
225
222
95
190
208
103
111
126
179
204
97
174
67
126
165
71
15
86
163
240
84
121
24
137
68
209
254
160
16
243
191
103
48
96
158
214
216
203
210
225
23
40
113
32
168
68
227
160
80
214
206
167
92
232
255
233
65
89
80
64
176
1
59
120
78
168
173
41
213
14
129
66
209
147
35
156
181
243
251
241
28
229
18
83
195
77
64
227
255
85
75
164
164
218
81
100
52
124
7
68
67
173
220
165
69
127
211
75
18
192
65
201
184
65
250
156
190
116
196
75
23
164
165
192
99
97
205
8
117
140
23
13
140
5
235
105
143
67
191
46
156
23
233
65
16
247
93
119
43
181
162
232
243
227
110
228
100
132
81
215
154
28
235
105
5
104
243
242
111
27
214
155
214
81
46
225
29
184
194
208
180
145
64
33
227
52
11
213
220
102
111
91
55
49
221
73
103
201
85
176
237
243
197
195
29
237
164
61
202
30
68
52
71
133
44
197
89
253
154
200
40
46
59
107
58
97
236
1
167
124
107
193
192
225
195
13
115
91
212
199
37
65
139
250
175
127
243
40
145
130
54
175
83
229
181
153
54
26
119
151
46
221
177
204
48
54
96
8
244
43
186
244
231
43
17
10
62
195
172
152
85
62
18
208
176
22
99
94
240
89
58
238
218
206
154
239
255
247
168
211
82
167
128
116
10
168
24
90
66
35
99
6
107
24
111
45
86
213
228
181
169
126
233
233
187
13
71
70
6
152
102
135
250
24
64
184
154
152
248
46
60
198
97
119
254
233
183
168
24
48
28
238
76
0
21
191
155
65
96
196
223
89
67
248
252
56
98
247
27
37
246
218
12
53
36
41
145
165
73
106
71
93
223
213
112
182
145
231
253
30
139
8
149
59
45
71
181
205
47
37
180
110
48
153
18
158
24
169
191
41
190
56
94
3
73
54
189
29
73
135
220
128
144
120
233
73
86
48
180
78
85
152
157
21
209
113
120
76
85
205
156
145
69
16
110
96
85
34
121
76
147
147
218
170
81
250
71
246
155
244
188
237
23
0
154
35
145
76
74
102
98
245
223
68
230
254
189
172
149
154
49
41
35
137
50
144
175
86
215
109
104
214
149
236
94
34
242
156
28
104
129
105
111
169
250
192
195
36
102
242
212
248
232
193
160
203
76
237
0
124
146
238
58
133
255
231
192
247
28
43
22
139
84
248
178
236
73
118
239
226
244
123
33
99
139
114
56
63
118
72
247
217
201
220
155
161
61
247
222
45
123
106
154
178
55
164
199
80
50
181
227
66
171
140
84
107
223
32
170
22
209
87
199
62
113
142
13
31
170
9
143
201
89
133
97
117
95
19
26
176
223
161
226
112
90
224
164
225
253
32
66
52
99
85
136
189
130
128
252
40
27
145
175
39
68
225
144
84
74
35
18
140
58
125
126
247
80
238
98
31
42
190
166
203
171
81
7
65
223
193
181
68
53
248
59
243
170
210
207
22
193
126
15
211
36
153
129
173
40
23
105
124
163
45
145
62
217
40
216
243
4
66
215
83
91
234
194
178
26
1
55
80
59
218
58
212
146
67
40
181
242
97
7
93
41
99
106
15
78
234
237
206
11
55
37
117
2
231
250
75
149
75
80
91
134
180
195
176
245
202
87
245
9
135
45
193
49
146
122
61
116
40
5
62
43
252
242
196
228
186
170
105
63
182
234
113
54
75
80
8
170
126
3
125
9
93
27
206
48
194
200
11
175
11
90
49
135
54
150
149
33
16
129
100
16
231
201
97
159
185
40
160
72
42
234
192
129
121
163
204
105
55
210
185
159
76
7
224
48
142
168
26
221
78
77
139
191
141
113
88
62
76
119
237
94
77
227
234
229
168
29
197
31
167
139
169
173
79
255
151
242
180
166
201
60
177
166
64
20
91
221
127
82
87
142
28
49
23
140
124
190
153
200
33
108
19
174
26
118
157
232
54
127
207
25
173
151
43
192
125
223
38
120
242
26
88
33
125
44
95
224
119
225
58
173
250
156
27
96
119
140
0
26
153
228
252
183
50
85
160
75
233
15
25
156
223
216
65
189
115
187
45
115
191
223
71
126
175
210
252
180
237
117
202
155
206
115
62
67
93
29
234
232
67
214
175
140
236
199
252
147
94
243
164
161
139
48
61
96
49
11
148
114
170
102
234
248
167
173
31
89
191
200
94
110
168
140
16
52
76
87
170
105
81
154
243
248
59
67
189
223
166
243
33
123
42
49
16
166
145
144
58
79
30
107
154
123
211
161
39
254
97
6
62
227
40
113
96
109
63
2
218
222
145
163
174
130
225
5
107
194
154
41
44
83
127
62
232
177
225
203
231
49
80
56
113
147
87
57
239
249
99
71
200
211
107
25
223
166
113
109
236
126
249
1
184
69
106
225
140
212
10
158
189
12
195
85
48
13
141
134
28
169
50
104
186
71
215
185
31
239
33
150
95
98
232
34
132
237
172
95
139
232
140
133
4
104
233
234
190
51
79
28
69
188
73
202
143
102
110
160
205
178
252
15
209
6
109
73
254
112
247
243
157
131
23
5
167
131
234
198
224
46
113
134
165
214
83
67
114
140
21
165
182
3
226
95
38
7
154
88
71
45
149
239
137
102
8
201
24
27
9
110
227
254
177
102
1
43
138
130
202
251
124
16
119
9
200
76
8
40
42
162
119
146
184
124
140
27
242
204
147
53
253
181
254
34
141
159
119
138
193
102
103
126
42
226
126
117
18
35
13
32
28
226
210
35
21
190
125
57
92
179
157
224
252
151
31
230
117
111
197
122
81
8
24
10
130
148
121
174
217
192
122
14
72
169
87
36
60
175
238
33
53
111
72
0
44
129
242
128
253
101
126
71
90
81
178
32
120
165
81
13
98
5
240
116
174
95
75
148
104
207
253
5
200
210
200
137
61
41
104
15
79
8
249
100
182
255
108
81
193
12
216
176
13
19
25
71
10
206
52
46
20
192
164
196
114
206
253
147
50
229
66
250
171
153
168
216
159
49
251
152
67
222
104
79
57
175
252
221
81
6
179
84
102
155
198
154
187
5
18
165
13
251
133
129
54
72
150
90
10
150
55
252
143
179
183
199
65
29
40
216
11
129
138
8
113
224
32
252
76
255
204
118
85
227
189
3
126
169
159
230
245
10
82
205
101
126
179
25
158
103
19
165
104
22
247
168
32
239
43
230
57
55
97
66
222
206
204
63
155
59
58
14
119
191
58
69
24
2
39
224
133
115
90
210
160
70
214
76
216
41
100
170
80
157
199
24
48
87
165
197
141
97
128
166
27
115
238
251
131
169
32
144
155
8
180
0
7
42
157
95
242
217
112
192
23
121
100
157
152
226
106
249
83
183
160
166
121
99
55
50
223
185
170
86
209
108
243
72
162
143
147
99
73
112
213
15
155
198
87
42
143
108
216
40
228
120
180
193
167
5
124
198
31
166
92
29
204
237
160
138
177
142
237
243
255
148
53
2
220
70
118
11
239
4
183
189
52
89
222
216
218
83
239
95
151
32
231
177
162
59
179
199
56
179
242
31
189
12
196
176
121
53
124
101
84
31
254
86
26
87
72
218
50
87
245
212
17
45
6
160
139
94
17
14
81
71
60
155
29
95
85
201
161
245
98
15
32
66
49
41
118
3
140
240
248
226
57
72
152
117
20
30
157
58
101
79
12
183
177
254
189
206
254
88
100
39
145
254
121
201
44
31
51
116
45
0
216
212
199
245
235
81
198
85
138
129
210
203
67
186
43
164
36
76
197
249
77
249
4
184
23
197
171
185
170
179
147
6
136
193
236
140
87
116
231
193
3
181
232
6
100
121
64
59
22
192
39
17
111
192
157
32
117
179
136
124
81
23
246
150
192
166
134
250
164
194
85
127
142
113
67
221
225
185
86
57
174
105
166
208
104
83
120
103
224
255
181
120
104
190
238
212
172
129
97
215
152
3
134
158
232
184
117
60
232
228
21
42
159
199
168
73
106
13
49
167
3
73
208
10
172
13
9
33
83
232
226
140
39
104
140
121
240
46
224
78
155
65
230
102
20
169
46
66
12
113
149
6
153
161
64
185
175
74
122
104
22
212
250
231
191
23
181
30
224
211
230
70
191
78
253
254
60
56
250
66
66
64
138
237
133
14
139
34
47
146
255
47
119
145
18
51
155
170
105
89
45
95
182
210
84
94
52
176
25
214
225
35
127
33
159
118
255
57
165
237
241
197
26
83
184
185
254
233
112
62
31
114
168
40
143
250
201
190
242
199
172
66
28
195
12
40
78
84
186
114
103
238
37
117
93
20
207
212
55
30
163
165
131
190
217
88
248
155
99
75
134
249
24
38
76
191
144
27
55
44
30
124
125
174
78
188
80
99
212
16
152
159
91
215
80
222
74
103
2
115
189
189
238
55
134
162
116
242
166
172
30
170
17
133
121
51
0
128
190
76
1
70
77
6
77
125
127
11
239
80
95
252
250
232
236
253
180
170
161
30
67
222
182
8
94
123
61
48
45
30
67
1
4
157
12
119
113
8
45
160
75
45
235
226
55
19
17
246
113
241
184
34
195
106
71
230
50
154
115
11
232
239
240
249
95
21
55
237
69
39
223
114
98
181
61
97
169
236
90
226
159
58
190
104
8
212
232
48
126
147
156
111
242
87
78
232
72
131
17
68
68
63
52
72
183
11
95
31
133
249
105
75
111
96
171
111
250
225
54
111
64
55
41
194
44
155
253
26
84
229
25
2
160
165
87
140
204
155
169
111
28
140
252
50
190
120
214
61
11
165
11
29
209
59
30
18
210
66
234
223
50
104
5
236
78
115
239
55
130
112
226
12
128
186
31
118
1
205
201
23
176
108
96
233
54
160
127
154
75
178
170
47
170
142
203
93
95
185
30
60
202
197
248
26
177
101
203
98
244
240
61
236
202
245
40
95
199
158
142
93
132
212
242
238
68
251
232
180
57
65
174
171
252
68
77
9
96
27
181
43
152
44
247
2
195
172
221
65
166
27
198
78
254
168
245
7
217
106
71
32
200
31
4
79
34
20
48
151
128
122
58
235
85
165
39
38
145
212
148
59
55
220
107
183
68
183
10
4
112
18
251
187
31
70
18
79
144
108
172
210
220
138
221
161
66
175
25
181
179
93
81
234
145
89
203
211
120
205
236
182
150
131
57
170
19
193
119
150
65
13
87
115
26
4
58
83
187
92
94
251
21
124
206
230
182
214
78
96
224
15
186
206
170
172
177
10
178
79
225
41
62
144
244
93
243
123
83
68
21
11
233
89
53
215
68
46
146
230
246
225
110
28
109
139
203
121
77
146
133
22
100
31
51
116
23
4
148
161
153
177
209
102
172
20
126
67
52
245
139
103
106
157
180
82
30
184
231
70
176
204
137
225
168
125
121
176
196
92
22
96
124
40
218
21
4
122
14
223
251
44
128
6
1
86
107
205
212
162
166
5
60
252
180
241
76
225
96
33
221
152
255
69
13
21
59
189
99
55
230
44
169
244
32
130
11
161
236
165
244
134
159
12
139
159
228
183
206
15
105
50
162
141
180
202
235
144
174
14
129
56
220
110
221
228
210
77
121
99
125
231
252
229
163
102
21
127
24
244
104
208
87
255
66
214
119
245
122
1
171
35
129
50
201
33
91
2
51
131
197
162
26
73
23
79
44
113
41
116
195
13
237
216
68
80
234
17
209
198
105
46
108
148
121
167
205
27
164
85
46
13
76
32
27
165
71
250
35
159
125
224
243
229
13
145
84
255
73
184
223
82
225
117
89
146
87
43
98
242
107
233
163
123
210
201
165
100
56
81
133
93
167
135
249
50
237
35
239
30
46
128
222
181
154
49
253
197
13
58
174
238
11
116
108
238
174
70
101
55
101
180
158
104
54
90
216
68
11
65
173
129
13
251
247
253
183
243
28
15
164
70
208
245
194
6
108
200
190
148
121
155
222
244
38
82
55
241
155
21
83
178
247
90
15
185
56
51
2
196
132
18
15
83
36
133
236
59
62
236
169
251
1
177
87
83
167
91
22
72
2
1
107
120
254
41
51
229
177
38
66
133
151
67
226
20
167
183
117
229
12
216
72
111
245
231
194
163
76
228
132
29
95
50
84
246
215
13
187
88
130
206
222
229
101
249
154
100
202
71
19
125
25
23
130
190
160
159
38
247
220
242
96
173
128
179
71
38
22
191
81
109
233
37
240
65
2
59
130
149
161
73
105
178
93
102
16
69
254
48
105
239
86
144
43
194
54
179
94
126
27
96
54
247
89
123
142
42
102
97
250
37
178
227
103
254
31
235
242
93
17
59
227
6
68
165
205
237
156
205
130
1
168
77
163
106
139
101
193
124
181
101
54
16
25
176
102
161
222
226
175
181
121
130
166
29
154
123
75
212
83
203
125
214
129
242
251
183
13
240
121
146
252
7
243
3
215
183
101
91
254
128
217
118
69
197
28
110
209
62
95
120
51
186
220
199
200
236
43
179
184
18
18
14
134
88
88
82
151
39
107
134
15
82
163
36
53
130
171
92
201
253
108
253
228
191
70
131
147
203
109
106
166
253
225
96
225
144
63
225
108
182
233
117
86
30
155
123
88
36
35
218
110
147
116
0
51
21
151
47
37
37
187
54
90
105
125
47
177
248
85
42
183
194
174
208
57
193
12
23
167
233
215
212
134
74
106
113
57
141
146
121
60
67
211
243
128
182
25
151
237
140
216
239
85
195
78
68
255
165
36
21
172
65
89
25
84
181
29
67
141
30
234
191
238
252
50
120
98
178
194
160
244
199
205
150
87
14
248
9
66
239
144
175
188
21
247
168
120
234
25
132
23
88
76
10
150
139
207
100
175
246
172
172
217
61
145
57
225
114
171
103
253
147
63
176
67
207
108
238
241
41
190
150
95
123
43
150
10
92
116
188
131
55
126
244
92
69
23
27
186
81
216
247
2
222
50
52
27
191
120
87
159
91
162
164
254
191
97
82
250
56
61
108
90
186
20
62
111
241
24
213
233
88
232
178
193
215
232
74
35
0
95
226
116
71
157
236
65
164
206
179
13
231
172
182
133
139
119
242
137
12
241
156
216
23
155
15
73
5
37
174
255
238
48
198
215
177
118
53
209
47
55
157
149
50
133
66
112
254
69
145
82
246
57
179
170
128
110
194
65
154
138
240
78
142
139
71
177
164
59
233
80
214
61
220
63
60
86
56
181
40
2
207
111
141
36
172
251
67
15
180
41
99
192
22
199
84
30
136
139
214
98
15
239
89
91
241
186
73
69
123
147
205
226
36
129
71
110
235
11
210
160
110
107
131
169
2
134
147
132
62
149
140
177
223
112
2
143
250
125
115
249
85
77
211
114
123
141
221
31
238
201
53
14
169
206
217
125
215
75
200
241
86
168
158
57
255
36
116
173
151
220
154
108
10
255
237
119
227
3
208
241
122
120
13
173
135
75
168
202
150
120
60
0
37
144
47
166
127
79
55
160
115
59
120
12
139
255
81
242
176
225
58
59
146
18
64
216
254
2
83
148
74
69
150
165
192
99
92
146
53
181
227
232
237
69
197
244
234
20
69
9
251
219
212
192
241
75
129
40
249
241
175
198
136
59
17
120
155
51
34
196
45
139
61
227
23
171
251
191
233
35
54
197
145
251
127
182
2
117
217
228
158
17
64
86
188
69
100
184
184
101
246
193
177
44
250
40
123
103
202
99
96
168
186
95
184
104
107
193
47
145
105
35
170
96
186
4
24
78
107
34
203
237
223
152
189
35
77
170
176
38
192
99
144
250
2
146
119
224
43
90
188
203
107
98
161
178
12
87
79
73
215
189
196
144
166
58
117
180
198
154
226
73
98
85
106
88
126
212
212
160
103
14
64
21
239
228
159
25
113
145
209
191
32
152
87
139
173
111
198
177
106
81
48
173
173
40
251
78
7
247
118
151
157
207
181
253
136
22
195
69
130
75
25
217
22
68
45
138
178
237
96
117
11
56
64
41
167
205
15
138
22
5
154
173
62
135
138
128
73
31
130
101
62
156
177
122
58
104
212
139
186
157
214
239
38
134
111
233
191
218
247
16
171
22
176
2
163
105
80
38
237
18
139
90
58
40
4
9
65
214
39
58
200
182
237
226
254
197
242
92
41
146
209
2
171
195
51
102
95
205
26
103
133
149
53
192
79
236
118
12
213
245
71
157
197
194
234
6
97
225
196
212
145
39
22
33
127
228
79
199
28
66
252
73
166
76
170
13
190
175
123
200
187
46
230
180
203
31
83
45
84
4
88
167
196
5
143
10
228
125
235
18
18
61
73
240
22
20
214
145
139
203
219
41
105
88
71
156
249
162
184
242
17
105
233
50
253
79
72
7
66
208
117
244
43
208
240
228
197
80
110
212
3
165
246
12
6
116
23
191
130
224
92
4
203
175
166
166
130
143
44
116
229
28
114
162
212
127
131
60
27
140
141
46
186
245
232
50
78
112
141
12
152
147
163
223
224
108
63
31
57
15
37
5
59
248
28
255
165
7
149
228
44
6
74
155
222
22
79
133
79
209
86
21
226
21
62
53
46
89
216
181
116
234
181
250
101
170
40
28
63
128
102
145
72
231
214
45
247
248
118
32
222
30
181
142
125
74
78
142
229
51
111
170
172
195
171
205
190
180
41
157
129
237
57
83
123
90
23
84
99
77
152
221
211
204
109
163
21
144
49
140
29
46
142
140
94
150
128
251
182
197
134
32
87
98
30
72
52
144
125
132
30
114
1
134
207
233
151
17
160
24
61
88
87
97
187
117
61
245
133
144
79
1
15
24
102
90
49
199
99
93
163
62
24
159
164
77
14
164
186
53
109
216
236
27
65
147
10
150
213
126
254
118
53
66
37
86
117
189
220
241
27
171
36
174
18
141
218
92
163
97
251
117
29
132
70
157
73
169
26
209
124
56
77
61
144
88
17
95
79
130
29
200
243
132
206
176
224
47
206
187
158
80
120
231
223
67
169
194
153
193
248
130
12
214
212
205
149
208
252
205
45
25
172
121
142
199
5
255
19
127
1
174
206
222
145
9
117
110
147
123
124
249
194
51
151
157
124
227
61
112
98
42
52
134
178
192
42
113
64
94
125
177
129
94
123
158
51
174
219
23
68
175
113
79
174
15
41
124
243
172
240
167
30
25
87
216
91
68
168
40
17
131
99
194
107
203
135
151
69
38
121
1
62
159
172
248
110
171
143
127
151
252
221
52
220
210
40
67
0
184
241
178
22
14
211
29
88
17
121
118
69
4
255
62
36
239
42
145
34
41
101
210
148
202
115
197
109
108
145
215
37
115
136
199
216
93
244
78
117
29
121
144
173
22
157
94
210
159
207
3
39
171
182
54
197
86
71
64
171
2
234
72
247
79
43
180
173
179
8
197
170
208
5
163
44
227
88
102
11
126
93
239
234
83
75
120
70
26
123
94
33
176
106
193
44
79
241
255
47
108
172
153
190
74
20
194
39
127
147
210
139
208
182
134
197
186
236
39
234
110
176
53
175
123
250
214
95
163
99
236
174
145
96
12
171
141
17
172
203
140
254
60
84
58
24
105
161
32
78
76
45
111
147
129
252
25
102
152
118
176
32
3
8
15
226
92
108
247
35
132
207
110
97
249
136
245
197
21
194
92
19
217
252
217
236
255
17
35
26
173
173
152
219
24
65
151
43
154
68
22
20
205
113
9
223
172
60
77
51
106
12
96
78
71
161
85
228
243
172
93
151
48
229
248
92
227
56
16
81
199
70
56
96
79
103
209
147
153
111
94
197
104
57
249
92
210
108
25
65
142
84
86
227
24
131
242
197
178
174
111
224
24
31
37
89
50
165
90
93
15
143
208
206
25
132
26
105
187
29
145
204
250
224
76
107
28
173
94
88
85
175
68
245
121
166
114
20
201
140
60
39
200
187
248
62
81
57
197
145
71
49
173
149
62
40
182
77
52
182
84
27
23
39
38
19
40
56
48
197
180
1
148
134
126
41
97
93
44
162
135
157
160
177
89
2
130
84
195
121
58
239
253
31
9
40
233
112
80
26
156
10
159
119
218
68
43
147
195
53
186
27
74
85
249
15
221
107
78
173
6
153
149
119
132
170
3
192
90
203
71
106
151
53
98
171
207
135
231
94
72
87
5
141
202
255
47
169
204
192
95
252
228
190
28
178
128
74
34
248
242
148
12
159
57
72
92
249
93
188
13
171
173
55
237
250
132
225
232
225
50
194
103
147
98
58
156
21
5
81
78
230
69
170
89
141
172
47
50
199
165
139
181
232
229
255
220
147
151
9
14
204
109
200
117
232
69
232
29
75
247
1
67
101
162
89
79
242
104
249
112
90
7
235
253
201
134
170
8
124
249
39
172
78
235
8
204
131
66
101
47
230
174
126
27
135
225
167
202
140
197
96
54
131
80
240
121
199
188
136
138
64
157
219
173
227
175
25
125
46
98
142
93
133
81
115
138
105
195
11
142
59
121
125
147
17
135
227
164
41
255
158
151
183
73
19
81
253
161
24
218
80
194
125
161
121
144
75
173
209
127
71
221
187
46
87
137
139
73
156
85
151
43
120
248
47
176
225
99
143
36
247
101
130
143
146
38
29
34
165
101
73
58
194
112
120
244
48
115
77
165
57
198
248
235
77
168
207
21
100
84
243
187
120
246
98
14
243
224
89
58
202
203
165
64
254
164
80
204
128
196
207
162
164
78
179
101
164
108
30
160
157
17
224
183
208
23
217
90
50
197
182
205
131
188
215
118
12
187
138
20
207
34
165
116
31
122
155
244
200
160
175
207
106
9
177
184
194
77
198
112
16
246
4
189
17
162
212
153
240
239
184
107
130
224
58
84
58
120
100
151
68
123
100
72
69
67
33
56
245
131
147
50
236
82
2
192
16
110
1
243
2
5
255
253
77
213
207
91
86
0
101
60
73
46
146
87
137
91
137
21
15
173
175
0
171
223
118
225
235
168
72
165
41
192
69
224
103
188
225
156
134
98
226
81
108
116
179
95
6
114
31
143
204
46
10
185
32
45
205
10
143
172
154
174
206
180
40
83
225
24
184
71
171
180
120
179
152
196
221
154
2
67
50
161
149
109
74
36
146
152
228
225
226
81
38
149
227
191
14
166
120
232
100
50
60
201
71
215
74
32
59
18
115
52
235
125
175
187
218
65
55
128
147
47
39
10
207
84
116
248
243
140
127
184
122
240
117
86
246
18
91
32
16
250
246
64
170
182
38
181
203
131
184
108
82
106
255
13
53
244
243
239
242
225
182
23
164
38
80
184
8
63
142
186
154
255
186
9
90
148
55
171
90
52
241
91
16
230
160
238
254
106
64
192
161
147
86
172
209
205
120
106
82
133
233
60
196
32
2
56
58
77
82
6
228
224
11
31
95
237
157
146
98
91
204
239
156
240
215
194
42
194
62
58
68
96
173
149
12
193
182
64
25
90
81
11
178
38
185
30
254
60
114
253
135
254
55
7
30
164
9
10
13
143
227
179
35
212
125
166
93
64
109
226
88
165
244
18
254
97
6
42
236
87
115
36
93
60
248
94
160
72
132
167
171
214
245
128
61
121
97
190
177
95
181
208
146
145
180
206
160
191
170
65
115
49
178
46
58
102
90
162
146
49
83
16
197
215
43
255
147
158
128
111
178
51
86
83
202
10
186
167
69
212
171
189
63
136
181
52
148
195
108
157
184
153
13
187
44
28
113
242
32
39
200
64
34
191
213
208
14
203
243
2
58
128
73
208
101
110
215
249
97
193
237
189
25
105
212
152
73
0
6
72
100
120
93
29
226
160
99
66
202
200
46
77
237
15
203
137
104
43
68
80
30
127
254
12
252
143
122
13
74
223
219
178
163
202
218
238
100
36
196
9
167
250
60
178
210
221
65
194
114
78
76
226
75
90
87
209
254
213
62
143
186
82
81
43
28
159
210
109
5
255
142
247
244
62
24
22
89
33
170
153
196
179
203
41
249
51
38
152
242
205
141
175
214
1
239
129
0
108
119
187
29
51
179
77
131
111
248
226
123
230
110
152
46
138
238
220
181
204
145
240
133
24
164
188
200
163
114
4
90
162
17
48
192
69
37
118
91
93
201
13
54
138
29
205
99
186
92
109
237
214
153
195
144
23
20
4
26
165
166
182
207
97
116
68
192
245
241
186
170
10
105
47
72
130
18
164
92
213
17
116
160
185
172
249
43
91
135
34
193
55
38
185
141
219
52
106
239
175
146
193
217
10
94
214
172
227
216
191
133
101
225
190
231
76
102
53
173
131
93
26
232
175
244
225
12
237
134
60
244
38
87
182
61
32
144
249
135
133
19
141
60
161
59
162
16
144
3
219
210
252
214
134
68
146
51
65
222
226
25
81
231
138
41
135
216
28
1
27
128
99
134
11
108
41
96
160
247
205
180
15
116
51
124
104
102
190
52
117
195
50
224
225
252
27
230
24
3
158
44
208
70
40
80
12
204
53
70
139
184
97
22
23
191
109
35
208
137
68
171
44
222
249
54
241
45
244
159
144
209
210
149
173
229
226
76
32
214
228
49
211
231
36
66
231
60
175
102
6
129
33
172
78
19
110
9
83
226
69
190
254
220
112
211
192
250
122
214
81
91
171
200
223
69
182
238
168
70
132
74
231
237
138
177
195
174
4
146
226
25
67
81
39
157
234
138
178
233
227
107
101
206
239
200
130
155
116
11
32
88
107
120
124
200
137
132
52
154
136
53
128
217
241
206
245
121
49
117
35
241
232
165
75
219
247
133
185
97
61
31
16
106
95
188
212
251
137
210
188
58
251
144
70
1
174
181
106
34
202
156
248
119
66
95
92
201
174
176
30
150
61
173
115
74
152
165
148
188
182
229
246
188
93
22
129
176
98
18
86
179
125
80
227
145
7
140
145
121
167
148
5
69
197
136
53
39
150
138
233
95
164
160
35
238
196
144
150
156
228
238
176
70
109
200
188
9
204
254
139
183
63
194
79
34
71
211
74
210
8
230
91
113
184
113
98
186
140
81
208
211
133
180
44
23
83
187
150
26
114
30
124
193
233
222
121
237
19
63
239
103
14
248
106
5
92
94
240
132
200
129
70
213
247
234
15
125
106
112
239
137
147
151
7
81
234
224
193
145
139
135
88
74
43
137
53
198
138
4
134
80
252
127
72
129
235
160
33
22
86
113
227
223
129
113
175
208
20
181
121
43
252
158
130
59
109
207
218
76
128
125
249
105
190
179
49
66
135
177
68
232
71
57
78
186
243
247
150
176
51
159
220
16
184
244
138
202
82
255
152
107
35
175
70
202
210
179
131
27
147
192
201
232
5
129
61
214
68
144
186
14
232
184
185
216
157
142
167
9
25
2
179
118
10
51
25
254
59
80
43
5
144
161
247
190
38
116
227
167
179
140
182
51
78
228
185
228
193
56
109
186
93
76
166
199
136
167
239
13
224
35
180
133
85
21
19
72
86
37
53
125
58
234
193
48
198
101
138
181
151
53
89
103
241
145
118
74
1
16
229
31
104
142
110
60
111
155
153
163
9
251
128
208
132
69
222
0
143
117
6
82
171
2
128
45
136
220
72
169
17
159
216
58
149
84
169
167
56
178
125
14
153
88
23
164
25
116
100
198
250
150
62
36
226
6
20
244
243
203
140
210
114
245
21
211
70
102
117
99
179
193
23
166
245
5
17
200
176
120
85
204
133
248
60
20
65
25
128
128
39
188
30
93
233
118
52
93
21
91
156
125
32
80
231
37
18
184
110
122
14
111
55
81
142
198
135
235
89
135
156
238
229
36
66
89
209
98
182
74
27
250
126
127
247
180
36
26
94
80
38
200
216
233
179
142
169
81
184
135
192
15
37
166
53
162
159
219
199
52
159
77
47
219
15
185
36
245
136
169
145
56
127
151
228
137
255
229
239
219
207
15
196
37
249
51
111
5
204
215
97
113
189
105
173
228
200
235
79
14
180
48
164
151
6
116
213
115
220
194
69
235
160
124
35
152
235
200
98
198
53
129
188
106
187
92
53
248
178
81
20
225
154
211
156
48
253
242
123
4
104
124
192
103
228
250
139
52
134
239
189
4
255
176
13
119
154
186
250
84
160
223
160
129
245
133
23
83
220
28
50
184
180
95
174
58
246
175
249
85
220
149
41
183
116
145
234
200
82
70
233
244
13
54
22
172
149
129
128
6
158
62
108
8
106
139
241
166
175
96
84
46
229
22
175
108
54
156
199
26
79
33
21
180
103
88
200
39
251
255
160
86
84
199
211
18
131
158
249
30
172
125
178
163
97
241
125
61
57
8
233
176
2
156
190
195
113
253
18
38
231
252
31
86
129
138
64
227
228
18
139
28
246
33
182
232
175
86
13
211
220
79
238
12
191
199
248
16
235
76
108
234
4
235
143
13
64
173
59
181
137
86
164
180
189
102
8
199
28
5
105
187
216
249
77
176
217
36
235
234
8
211
172
236
35
84
116
248
200
227
216
55
50
220
233
116
201
184
69
165
137
12
11
12
85
175
51
93
120
165
35
78
44
134
236
225
209
135
211
176
238
27
18
77
94
218
10
101
52
24
183
2
207
166
36
53
209
2
185
214
130
71
118
196
119
115
181
110
115
131
135
65
86
235
203
38
47
87
52
16
71
1
127
189
52
27
228
87
176
30
23
66
31
216
174
138
10
0
233
157
163
53
9
212
74
97
175
254
196
107
230
216
43
64
221
14
19
19
130
50
171
114
157
167
171
248
130
161
39
71
136
21
40
79
1
231
173
219
6
153
48
74
153
216
35
208
252
60
152
212
127
62
220
208
251
240
28
106
63
100
11
82
235
227
221
110
253
13
184
225
235
223
6
80
0
188
79
31
189
188
194
108
134
138
234
40
195
60
72
250
37
211
16
155
48
68
219
241
101
30
242
188
19
92
20
63
118
181
208
203
186
10
48
67
212
224
204
13
105
217
205
220
232
191
201
4
106
72
221
243
147
208
106
50
75
119
103
36
83
135
208
247
221
35
111
155
198
107
123
236
184
190
6
110
140
58
49
162
231
17
181
232
87
28
18
121
185
45
249
211
66
142
192
142
139
54
231
117
147
219
23
181
4
61
72
202
250
203
7
88
98
112
34
65
71
60
189
183
84
178
160
211
1
74
121
54
161
155
147
136
234
42
64
96
53
8
