64
101
168
125
128
109
160
161
-1
0
127
192
-1
-32
-193
-175
145
184
137
77
140
184
65
118
33
61
-63
-50
-95
-3
33
81
80
121
134
188
55
105
174
113
-97
-77
-33
-4
31
51
63
-79
145
185
56
89
164
107
106
102
-31
2
97
8
65
-94
-63
17
80
96
155
148
139
82
157
177
95
16
63
102
-65
-16
-33
-79
145
184
137
79
142
184
65
110
33
61
-63
-42
-31
-3
97
49
80
121
134
190
57
97
150
145
-97
-77
-33
4
95
19
63
113
137
173
69
101
141
177
129
85
1
17
97
17
1
33
-63
-15
-1
1
63
-95
-33
-15
15
-63
-257
-255
-1
129
255
193
-129
-128
64
93
-61
-14
16
-83
19
34
-127
-3
257
193
-127
-195
-255
-128
-1
-15
79
-15
15
33
95
-63
255
193
127
-191
-257
-127
-1
256
64
-18
12
-8
70
-58
4
2
129
-191
-255
-263
1
257
257
256
-1
1
63
-95
-33
-15
79
1
-257
-255
-1
129
255
193
127
-128
64
93
-61
-14
80
-19
19
2
-127
-3
257
193
129
-195
-255
-256
-1
-15
79
-15
15
1
63
-95
255
193
127
-191
-257
-255
-1
128
31
-65
63
31
31
63
-65
31
256
-128
-256
-256
-256
-128
256
256
