0
145
36
181
72
217
108
253
144
33
180
69
216
105
252
141
159
48
195
84
231
120
11
156
47
192
83
228
119
8
155
44
64
209
96
241
136
25
168
57
208
97
240
129
24
169
56
201
223
112
255
144
39
184
71
216
111
0
143
32
183
72
215
104
128
17
164
53
192
81
228
117
16
161
52
197
80
225
116
5
31
176
67
212
95
240
131
20
175
64
211
100
239
128
19
164
192
81
224
113
0
145
32
177
80
225
112
1
144
33
176
65
95
240
127
16
159
48
191
80
239
128
15
160
47
192
79
224
0
145
36
181
72
217
108
253
128
17
164
53
200
89
236
125
159
48
195
84
231
120
11
156
31
176
67
212
103
248
139
28
64
209
96
241
136
25
168
57
192
81
224
113
8
153
40
185
223
112
255
144
39
184
71
216
95
240
127
16
167
56
199
88
128
17
164
53
192
81
228
117
0
145
36
181
64
209
100
245
31
176
67
212
95
240
131
20
159
48
195
84
223
112
3
148
192
81
224
113
0
145
32
177
64
209
96
241
128
17
160
49
95
240
127
16
159
48
191
80
223
112
255
144
31
176
63
208
