0
145
36
181
72
217
108
253
144
33
180
69
216
105
252
141
32
177
68
213
104
249
140
29
176
65
212
101
248
137
28
173
64
209
100
245
136
25
172
61
208
97
244
133
24
169
60
205
96
241
132
21
168
57
204
93
240
129
20
165
56
201
92
237
128
17
164
53
200
89
236
125
16
161
52
197
88
233
124
13
160
49
196
85
232
121
12
157
48
193
84
229
120
9
156
45
192
81
228
117
8
153
44
189
80
225
116
5
152
41
188
77
224
113
4
149
40
185
76
221
112
1
148
37
184
73
220
109
0
145
36
181
72
217
108
253
144
33
180
69
216
105
252
141
32
177
68
213
104
249
140
29
176
65
212
101
248
137
28
173
64
209
100
245
136
25
172
61
208
97
244
133
24
169
60
205
96
241
132
21
168
57
204
93
240
129
20
165
56
201
92
237
128
17
164
53
200
89
236
125
16
161
52
197
88
233
124
13
160
49
196
85
232
121
12
157
48
193
84
229
120
9
156
45
192
81
228
117
8
153
44
189
80
225
116
5
152
41
188
77
224
113
4
149
40
185
76
221
112
1
148
37
184
73
220
109
