130
68
160
25
144
141
103
164
63
23
107
51
33
100
31
23
192
31
125
101
160
52
212
101
71
15
-87
-56
-25
-24
-91
41
127
155
52
103
67
118
109
128
30
-43
37
-62
7
-121
-110
-102
-2
122
90
160
247
80
70
121
-124
58
7
12
88
2
-22
27
234
152
54
151
49
194
171
88
2
116
-22
-27
-41
-85
50
173
105
164
42
210
84
189
162
172
-21
-102
-122
70
72
16
-73
-141
74
194
19
216
69
33
161
69
1
54
48
-63
-60
40
99
37
137
73
137
94
187
128
146
161
58
21
-75
-81
63
64
-47
-34
-181
22
17
-80
-57
-53
18
-164
12
100
-44
-23
27
-128
-139
-43
-201
6
36
-72
66
-73
-99
-127
-120
3
102
-11
-107
-30
66
124
-136
-16
136
-74
70
-90
51
125
-68
-12
-220
3
24
96
17
70
-5
-54
12
-53
-11
37
-127
11
14
-10
-77
-50
-9
110
-3
31
6
-16
-79
-127
-73
84
54
11
75
-49
-24
-40
67
62
-79
-159
1
47
-56
-6
-43
-68
-36
-34
-7
87
-116
116
169
16
-40
313
148
-114
-44
-54
-83
12
-151
-16
-115
78
-107
52
21
-18
208
163
60
48
41
0
-18
-2
-111
16
-301
-60
-36
201
55
134
-13
-148
