94
104
125
138
-137
-126
-61
-14
63
23
107
51
33
100
31
23
120
84
124
108
46
24
-43
2
71
15
-87
-56
-25
-24
-91
41
187
91
140
160
22
83
67
-38
30
-43
37
-62
7
-121
-110
-102
127
103
120
133
98
115
-55
-41
-124
58
7
12
88
2
-22
27
3
-11
15
29
-121
1
-158
-151
2
116
-22
-27
-41
-85
50
173
-162
28
136
-83
41
-80
-135
83
-21
-102
-122
70
72
16
-73
-141
-42
12
44
37
13
11
65
98
1
54
48
-63
-60
40
99
37
-43
5
69
22
-212
-240
44
107
58
21
-75
-81
63
64
-47
-34
-181
22
17
-80
-57
-53
18
-164
12
100
-44
-23
27
-128
-139
-43
-201
6
36
-72
66
-73
-99
-127
-120
3
102
-11
-107
-30
66
124
-136
-16
136
-74
70
-90
51
125
-68
-12
-220
3
24
96
17
70
-5
-54
12
-53
-11
37
-127
11
14
-10
-77
-50
-9
110
-3
31
6
-16
-79
-127
-73
84
54
11
75
-49
-24
-40
67
62
-79
-159
1
47
-56
-6
-43
-68
-36
-34
-7
87
-116
116
169
16
-40
313
148
-114
-44
-54
-83
12
-151
-16
-115
78
-107
52
21
-18
208
163
60
48
41
0
-18
-2
-111
16
-301
-60
-36
201
55
134
-13
-148
