191
177
49
60
125
200
17
146
152
155
121
238
28
219
210
254
27
112
19
158
135
53
34
52
103
122
73
108
222
25
80
69
238
218
2
60
140
56
176
125
171
120
80
178
246
143
187
208
64
54
110
72
81
155
62
66
201
52
95
10
109
27
18
77
172
237
148
34
3
136
137
29
41
141
186
49
188
62
198
47
28
5
153
177
204
20
131
143
186
180
15
95
171
148
249
244
88
8
151
147
17
172
166
209
205
228
84
46
108
74
93
95
154
70
91
163
61
75
160
113
149
158
158
101
2
48
57
191
244
172
141
220
37
119
196
135
85
91
210
78
203
178
13
218
151
193
144
42
20
0
113
45
11
174
248
242
244
153
194
47
122
119
193
47
126
102
252
225
97
153
183
172
169
158
234
54
76
138
223
159
22
21
236
212
10
130
9
111
146
69
58
240
21
141
200
120
15
227
231
87
153
0
64
164
184
192
87
5
218
99
18
122
43
22
152
50
94
84
96
70
6
207
32
135
4
186
44
110
144
109
153
51
237
215
105
200
226
114
194
156
214
59
183
152
209
85
111
190
155
204
56
239
85
59
251
65
