0
145
36
181
72
217
108
253
144
33
180
69
216
105
252
141
32
177
68
213
104
249
140
29
176
65
212
101
248
137
28
173
64
209
100
245
136
25
172
61
208
97
244
133
24
169
60
205
96
241
132
21
168
57
204
93
240
129
20
165
56
201
92
237
159
48
195
84
231
120
11
156
47
192
83
228
119
8
155
44
191
80
227
116
7
152
43
188
79
224
115
4
151
40
187
76
223
112
3
148
39
184
75
220
111
0
147
36
183
72
219
108
255
144
35
180
71
216
107
252
143
32
179
68
215
104
251
140
64
209
96
241
136
25
168
57
208
97
240
129
24
169
56
201
96
241
128
17
168
57
200
89
240
129
16
161
56
201
88
233
128
17
160
49
200
89
232
121
16
161
48
193
88
233
120
9
160
49
192
81
232
121
8
153
48
193
80
225
120
9
152
41
223
112
255
144
39
184
71
216
111
0
143
32
183
72
215
104
255
144
31
176
71
216
103
248
143
32
175
64
215
104
247
136
31
176
63
208
103
248
135
24
175
64
207
96
247
136
23
168
63
208
95
240
135
24
167
56
207
96
239
128
23
168
55
200
128
17
164
53
192
81
228
117
16
161
52
197
80
225
116
5
160
49
196
85
224
113
4
149
48
193
84
229
112
1
148
37
192
81
228
117
0
145
36
181
80
225
116
5
144
33
180
69
224
113
4
149
32
177
68
213
112
1
148
37
176
65
212
101
31
176
67
212
95
240
131
20
175
64
211
100
239
128
19
164
63
208
99
244
127
16
163
52
207
96
243
132
15
160
51
196
95
240
131
20
159
48
195
84
239
128
19
164
47
192
83
228
127
16
163
52
191
80
227
116
15
160
51
196
79
224
115
4
192
81
224
113
0
145
32
177
80
225
112
1
144
33
176
65
224
113
0
145
32
177
64
209
112
1
144
33
176
65
208
97
0
145
32
177
64
209
96
241
144
33
176
65
208
97
240
129
32
177
64
209
96
241
128
17
176
65
208
97
240
129
16
161
95
240
127
16
159
48
191
80
239
128
15
160
47
192
79
224
127
16
159
48
191
80
223
112
15
160
47
192
79
224
111
0
159
48
191
80
223
112
255
144
47
192
79
224
111
0
143
32
191
80
223
112
255
144
31
176
79
224
111
0
143
32
175
64
0
145
36
181
72
217
108
253
128
17
164
53
200
89
236
125
32
177
68
213
104
249
140
29
160
49
196
85
232
121
12
157
64
209
100
245
136
25
172
61
192
81
228
117
8
153
44
189
96
241
132
21
168
57
204
93
224
113
4
149
40
185
76
221
159
48
195
84
231
120
11
156
31
176
67
212
103
248
139
28
191
80
227
116
7
152
43
188
63
208
99
244
135
24
171
60
223
112
3
148
39
184
75
220
95
240
131
20
167
56
203
92
255
144
35
180
71
216
107
252
127
16
163
52
199
88
235
124
64
209
96
241
136
25
168
57
192
81
224
113
8
153
40
185
96
241
128
17
168
57
200
89
224
113
0
145
40
185
72
217
128
17
160
49
200
89
232
121
0
145
32
177
72
217
104
249
160
49
192
81
232
121
8
153
32
177
64
209
104
249
136
25
223
112
255
144
39
184
71
216
95
240
127
16
167
56
199
88
255
144
31
176
71
216
103
248
127
16
159
48
199
88
231
120
31
176
63
208
103
248
135
24
159
48
191
80
231
120
7
152
63
208
95
240
135
24
167
56
191
80
223
112
7
152
39
184
128
17
164
53
192
81
228
117
0
145
36
181
64
209
100
245
160
49
196
85
224
113
4
149
32
177
68
213
96
241
132
21
192
81
228
117
0
145
36
181
64
209
100
245
128
17
164
53
224
113
4
149
32
177
68
213
96
241
132
21
160
49
196
85
31
176
67
212
95
240
131
20
159
48
195
84
223
112
3
148
63
208
99
244
127
16
163
52
191
80
227
116
255
144
35
180
95
240
131
20
159
48
195
84
223
112
3
148
31
176
67
212
127
16
163
52
191
80
227
116
255
144
35
180
63
208
99
244
192
81
224
113
0
145
32
177
64
209
96
241
128
17
160
49
224
113
0
145
32
177
64
209
96
241
128
17
160
49
192
81
0
145
32
177
64
209
96
241
128
17
160
49
192
81
224
113
32
177
64
209
96
241
128
17
160
49
192
81
224
113
0
145
95
240
127
16
159
48
191
80
223
112
255
144
31
176
63
208
127
16
159
48
191
80
223
112
255
144
31
176
63
208
95
240
159
48
191
80
223
112
255
144
31
176
63
208
95
240
127
16
191
80
223
112
255
144
31
176
63
208
95
240
127
16
159
48
0
145
36
181
72
217
108
253
144
33
180
69
216
105
252
141
0
145
36
181
72
217
108
253
144
33
180
69
216
105
252
141
64
209
100
245
136
25
172
61
208
97
244
133
24
169
60
205
64
209
100
245
136
25
172
61
208
97
244
133
24
169
60
205
159
48
195
84
231
120
11
156
47
192
83
228
119
8
155
44
159
48
195
84
231
120
11
156
47
192
83
228
119
8
155
44
223
112
3
148
39
184
75
220
111
0
147
36
183
72
219
108
223
112
3
148
39
184
75
220
111
0
147
36
183
72
219
108
64
209
96
241
136
25
168
57
208
97
240
129
24
169
56
201
64
209
96
241
136
25
168
57
208
97
240
129
24
169
56
201
128
17
160
49
200
89
232
121
16
161
48
193
88
233
120
9
128
17
160
49
200
89
232
121
16
161
48
193
88
233
120
9
223
112
255
144
39
184
71
216
111
0
143
32
183
72
215
104
223
112
255
144
39
184
71
216
111
0
143
32
183
72
215
104
31
176
63
208
103
248
135
24
175
64
207
96
247
136
23
168
31
176
63
208
103
248
135
24
175
64
207
96
247
136
23
168
128
17
164
53
192
81
228
117
16
161
52
197
80
225
116
5
128
17
164
53
192
81
228
117
16
161
52
197
80
225
116
5
192
81
228
117
0
145
36
181
80
225
116
5
144
33
180
69
192
81
228
117
0
145
36
181
80
225
116
5
144
33
180
69
31
176
67
212
95
240
131
20
175
64
211
100
239
128
19
164
31
176
67
212
95
240
131
20
175
64
211
100
239
128
19
164
95
240
131
20
159
48
195
84
239
128
19
164
47
192
83
228
95
240
131
20
159
48
195
84
239
128
19
164
47
192
83
228
192
81
224
113
0
145
32
177
80
225
112
1
144
33
176
65
192
81
224
113
0
145
32
177
80
225
112
1
144
33
176
65
0
145
32
177
64
209
96
241
144
33
176
65
208
97
240
129
0
145
32
177
64
209
96
241
144
33
176
65
208
97
240
129
95
240
127
16
159
48
191
80
239
128
15
160
47
192
79
224
95
240
127
16
159
48
191
80
239
128
15
160
47
192
79
224
159
48
191
80
223
112
255
144
47
192
79
224
111
0
143
32
159
48
191
80
223
112
255
144
47
192
79
224
111
0
143
32
0
145
36
181
72
217
108
253
128
17
164
53
200
89
236
125
0
145
36
181
72
217
108
253
128
17
164
53
200
89
236
125
64
209
100
245
136
25
172
61
192
81
228
117
8
153
44
189
64
209
100
245
136
25
172
61
192
81
228
117
8
153
44
189
159
48
195
84
231
120
11
156
31
176
67
212
103
248
139
28
159
48
195
84
231
120
11
156
31
176
67
212
103
248
139
28
223
112
3
148
39
184
75
220
95
240
131
20
167
56
203
92
223
112
3
148
39
184
75
220
95
240
131
20
167
56
203
92
64
209
96
241
136
25
168
57
192
81
224
113
8
153
40
185
64
209
96
241
136
25
168
57
192
81
224
113
8
153
40
185
128
17
160
49
200
89
232
121
0
145
32
177
72
217
104
249
128
17
160
49
200
89
232
121
0
145
32
177
72
217
104
249
223
112
255
144
39
184
71
216
95
240
127
16
167
56
199
88
223
112
255
144
39
184
71
216
95
240
127
16
167
56
199
88
31
176
63
208
103
248
135
24
159
48
191
80
231
120
7
152
31
176
63
208
103
248
135
24
159
48
191
80
231
120
7
152
128
17
164
53
192
81
228
117
0
145
36
181
64
209
100
245
128
17
164
53
192
81
228
117
0
145
36
181
64
209
100
245
192
81
228
117
0
145
36
181
64
209
100
245
128
17
164
53
192
81
228
117
0
145
36
181
64
209
100
245
128
17
164
53
31
176
67
212
95
240
131
20
159
48
195
84
223
112
3
148
31
176
67
212
95
240
131
20
159
48
195
84
223
112
3
148
95
240
131
20
159
48
195
84
223
112
3
148
31
176
67
212
95
240
131
20
159
48
195
84
223
112
3
148
31
176
67
212
192
81
224
113
0
145
32
177
64
209
96
241
128
17
160
49
192
81
224
113
0
145
32
177
64
209
96
241
128
17
160
49
0
145
32
177
64
209
96
241
128
17
160
49
192
81
224
113
0
145
32
177
64
209
96
241
128
17
160
49
192
81
224
113
95
240
127
16
159
48
191
80
223
112
255
144
31
176
63
208
95
240
127
16
159
48
191
80
223
112
255
144
31
176
63
208
159
48
191
80
223
112
255
144
31
176
63
208
95
240
127
16
159
48
191
80
223
112
255
144
31
176
63
208
95
240
127
16
0
145
36
181
72
217
108
253
144
33
180
69
216
105
252
141
32
177
68
213
104
249
140
29
176
65
212
101
248
137
28
173
0
145
36
181
72
217
108
253
144
33
180
69
216
105
252
141
32
177
68
213
104
249
140
29
176
65
212
101
248
137
28
173
159
48
195
84
231
120
11
156
47
192
83
228
119
8
155
44
191
80
227
116
7
152
43
188
79
224
115
4
151
40
187
76
159
48
195
84
231
120
11
156
47
192
83
228
119
8
155
44
191
80
227
116
7
152
43
188
79
224
115
4
151
40
187
76
64
209
96
241
136
25
168
57
208
97
240
129
24
169
56
201
96
241
128
17
168
57
200
89
240
129
16
161
56
201
88
233
64
209
96
241
136
25
168
57
208
97
240
129
24
169
56
201
96
241
128
17
168
57
200
89
240
129
16
161
56
201
88
233
223
112
255
144
39
184
71
216
111
0
143
32
183
72
215
104
255
144
31
176
71
216
103
248
143
32
175
64
215
104
247
136
223
112
255
144
39
184
71
216
111
0
143
32
183
72
215
104
255
144
31
176
71
216
103
248
143
32
175
64
215
104
247
136
128
17
164
53
192
81
228
117
16
161
52
197
80
225
116
5
160
49
196
85
224
113
4
149
48
193
84
229
112
1
148
37
128
17
164
53
192
81
228
117
16
161
52
197
80
225
116
5
160
49
196
85
224
113
4
149
48
193
84
229
112
1
148
37
31
176
67
212
95
240
131
20
175
64
211
100
239
128
19
164
63
208
99
244
127
16
163
52
207
96
243
132
15
160
51
196
31
176
67
212
95
240
131
20
175
64
211
100
239
128
19
164
63
208
99
244
127
16
163
52
207
96
243
132
15
160
51
196
192
81
224
113
0
145
32
177
80
225
112
1
144
33
176
65
224
113
0
145
32
177
64
209
112
1
144
33
176
65
208
97
192
81
224
113
0
145
32
177
80
225
112
1
144
33
176
65
224
113
0
145
32
177
64
209
112
1
144
33
176
65
208
97
95
240
127
16
159
48
191
80
239
128
15
160
47
192
79
224
127
16
159
48
191
80
223
112
15
160
47
192
79
224
111
0
95
240
127
16
159
48
191
80
239
128
15
160
47
192
79
224
127
16
159
48
191
80
223
112
15
160
47
192
79
224
111
0
0
145
36
181
72
217
108
253
128
17
164
53
200
89
236
125
32
177
68
213
104
249
140
29
160
49
196
85
232
121
12
157
0
145
36
181
72
217
108
253
128
17
164
53
200
89
236
125
32
177
68
213
104
249
140
29
160
49
196
85
232
121
12
157
159
48
195
84
231
120
11
156
31
176
67
212
103
248
139
28
191
80
227
116
7
152
43
188
63
208
99
244
135
24
171
60
159
48
195
84
231
120
11
156
31
176
67
212
103
248
139
28
191
80
227
116
7
152
43
188
63
208
99
244
135
24
171
60
64
209
96
241
136
25
168
57
192
81
224
113
8
153
40
185
96
241
128
17
168
57
200
89
224
113
0
145
40
185
72
217
64
209
96
241
136
25
168
57
192
81
224
113
8
153
40
185
96
241
128
17
168
57
200
89
224
113
0
145
40
185
72
217
223
112
255
144
39
184
71
216
95
240
127
16
167
56
199
88
255
144
31
176
71
216
103
248
127
16
159
48
199
88
231
120
223
112
255
144
39
184
71
216
95
240
127
16
167
56
199
88
255
144
31
176
71
216
103
248
127
16
159
48
199
88
231
120
128
17
164
53
192
81
228
117
0
145
36
181
64
209
100
245
160
49
196
85
224
113
4
149
32
177
68
213
96
241
132
21
128
17
164
53
192
81
228
117
0
145
36
181
64
209
100
245
160
49
196
85
224
113
4
149
32
177
68
213
96
241
132
21
31
176
67
212
95
240
131
20
159
48
195
84
223
112
3
148
63
208
99
244
127
16
163
52
191
80
227
116
255
144
35
180
31
176
67
212
95
240
131
20
159
48
195
84
223
112
3
148
63
208
99
244
127
16
163
52
191
80
227
116
255
144
35
180
192
81
224
113
0
145
32
177
64
209
96
241
128
17
160
49
224
113
0
145
32
177
64
209
96
241
128
17
160
49
192
81
192
81
224
113
0
145
32
177
64
209
96
241
128
17
160
49
224
113
0
145
32
177
64
209
96
241
128
17
160
49
192
81
95
240
127
16
159
48
191
80
223
112
255
144
31
176
63
208
127
16
159
48
191
80
223
112
255
144
31
176
63
208
95
240
95
240
127
16
159
48
191
80
223
112
255
144
31
176
63
208
127
16
159
48
191
80
223
112
255
144
31
176
63
208
95
240
0
145
36
181
72
217
108
253
144
33
180
69
216
105
252
141
0
145
36
181
72
217
108
253
144
33
180
69
216
105
252
141
0
145
36
181
72
217
108
253
144
33
180
69
216
105
252
141
0
145
36
181
72
217
108
253
144
33
180
69
216
105
252
141
159
48
195
84
231
120
11
156
47
192
83
228
119
8
155
44
159
48
195
84
231
120
11
156
47
192
83
228
119
8
155
44
159
48
195
84
231
120
11
156
47
192
83
228
119
8
155
44
159
48
195
84
231
120
11
156
47
192
83
228
119
8
155
44
64
209
96
241
136
25
168
57
208
97
240
129
24
169
56
201
64
209
96
241
136
25
168
57
208
97
240
129
24
169
56
201
64
209
96
241
136
25
168
57
208
97
240
129
24
169
56
201
64
209
96
241
136
25
168
57
208
97
240
129
24
169
56
201
223
112
255
144
39
184
71
216
111
0
143
32
183
72
215
104
223
112
255
144
39
184
71
216
111
0
143
32
183
72
215
104
223
112
255
144
39
184
71
216
111
0
143
32
183
72
215
104
223
112
255
144
39
184
71
216
111
0
143
32
183
72
215
104
128
17
164
53
192
81
228
117
16
161
52
197
80
225
116
5
128
17
164
53
192
81
228
117
16
161
52
197
80
225
116
5
128
17
164
53
192
81
228
117
16
161
52
197
80
225
116
5
128
17
164
53
192
81
228
117
16
161
52
197
80
225
116
5
31
176
67
212
95
240
131
20
175
64
211
100
239
128
19
164
31
176
67
212
95
240
131
20
175
64
211
100
239
128
19
164
31
176
67
212
95
240
131
20
175
64
211
100
239
128
19
164
31
176
67
212
95
240
131
20
175
64
211
100
239
128
19
164
192
81
224
113
0
145
32
177
80
225
112
1
144
33
176
65
192
81
224
113
0
145
32
177
80
225
112
1
144
33
176
65
192
81
224
113
0
145
32
177
80
225
112
1
144
33
176
65
192
81
224
113
0
145
32
177
80
225
112
1
144
33
176
65
95
240
127
16
159
48
191
80
239
128
15
160
47
192
79
224
95
240
127
16
159
48
191
80
239
128
15
160
47
192
79
224
95
240
127
16
159
48
191
80
239
128
15
160
47
192
79
224
95
240
127
16
159
48
191
80
239
128
15
160
47
192
79
224
0
145
36
181
72
217
108
253
128
17
164
53
200
89
236
125
0
145
36
181
72
217
108
253
128
17
164
53
200
89
236
125
0
145
36
181
72
217
108
253
128
17
164
53
200
89
236
125
0
145
36
181
72
217
108
253
128
17
164
53
200
89
236
125
159
48
195
84
231
120
11
156
31
176
67
212
103
248
139
28
159
48
195
84
231
120
11
156
31
176
67
212
103
248
139
28
159
48
195
84
231
120
11
156
31
176
67
212
103
248
139
28
159
48
195
84
231
120
11
156
31
176
67
212
103
248
139
28
64
209
96
241
136
25
168
57
192
81
224
113
8
153
40
185
64
209
96
241
136
25
168
57
192
81
224
113
8
153
40
185
64
209
96
241
136
25
168
57
192
81
224
113
8
153
40
185
64
209
96
241
136
25
168
57
192
81
224
113
8
153
40
185
223
112
255
144
39
184
71
216
95
240
127
16
167
56
199
88
223
112
255
144
39
184
71
216
95
240
127
16
167
56
199
88
223
112
255
144
39
184
71
216
95
240
127
16
167
56
199
88
223
112
255
144
39
184
71
216
95
240
127
16
167
56
199
88
128
17
164
53
192
81
228
117
0
145
36
181
64
209
100
245
128
17
164
53
192
81
228
117
0
145
36
181
64
209
100
245
128
17
164
53
192
81
228
117
0
145
36
181
64
209
100
245
128
17
164
53
192
81
228
117
0
145
36
181
64
209
100
245
31
176
67
212
95
240
131
20
159
48
195
84
223
112
3
148
31
176
67
212
95
240
131
20
159
48
195
84
223
112
3
148
31
176
67
212
95
240
131
20
159
48
195
84
223
112
3
148
31
176
67
212
95
240
131
20
159
48
195
84
223
112
3
148
192
81
224
113
0
145
32
177
64
209
96
241
128
17
160
49
192
81
224
113
0
145
32
177
64
209
96
241
128
17
160
49
192
81
224
113
0
145
32
177
64
209
96
241
128
17
160
49
192
81
224
113
0
145
32
177
64
209
96
241
128
17
160
49
95
240
127
16
159
48
191
80
223
112
255
144
31
176
63
208
95
240
127
16
159
48
191
80
223
112
255
144
31
176
63
208
95
240
127
16
159
48
191
80
223
112
255
144
31
176
63
208
95
240
127
16
159
48
191
80
223
112
255
144
31
176
63
208
