64
101
168
125
128
109
160
181
72
165
120
125
104
157
176
69
160
117
120
101
152
173
64
141
208
101
96
181
200
61
136
193
145
184
137
77
140
184
65
109
188
128
77
149
200
56
109
181
128
68
149
193
56
100
181
113
116
132
193
65
116
172
113
110
80
121
134
188
55
105
174
108
115
137
186
60
115
177
106
104
131
189
58
96
163
109
106
96
187
61
94
152
103
109
94
157
145
185
56
89
164
107
106
92
187
57
92
145
104
107
94
172
55
93
140
181
144
95
150
184
67
141
184
125
92
151
186
62
80
96
155
148
139
82
157
195
66
152
143
148
79
154
193
47
146
140
135
128
135
190
49
87
178
124
123
144
187
46
85
157
145
184
137
79
142
184
65
99
178
128
77
151
186
56
101
155
126
68
149
195
58
92
157
143
162
132
193
67
94
148
145
142
80
121
134
190
57
97
150
138
161
137
186
62
93
145
186
126
129
189
58
98
149
141
138
70
177
61
94
146
185
133
70
149
145
185
56
92
139
183
126
61
180
61
96
136
179
123
122
130
73
93
140
184
127
67
138
177
68
137
180
124
123
111
190
62
80
96
155
147
142
134
137
196
43
108
155
151
154
98
157
189
136
140
135
127
130
186
77
128
163
144
147
91
150
190
61
141
145
184
137
77
140
184
65
113
152
184
137
77
140
184
65
113
128
68
149
193
56
100
181
117
92
68
149
193
56
100
181
118
80
121
134
188
55
105
174
112
83
121
134
188
55
105
174
108
127
189
58
96
163
109
106
100
151
189
58
96
163
109
106
105
145
185
56
89
164
107
106
96
151
185
56
89
164
107
106
112
71
93
140
181
144
95
150
188
59
93
140
181
144
95
150
166
80
96
155
148
139
82
157
199
58
96
155
148
139
82
157
187
134
140
135
128
135
190
49
91
150
140
135
128
135
190
49
97
145
184
137
79
142
184
65
103
142
184
137
79
142
184
65
103
118
68
149
195
58
92
157
147
138
68
149
195
58
92
157
150
80
121
134
190
57
97
150
142
129
121
134
190
57
97
150
138
173
189
58
98
149
141
138
74
141
189
58
98
149
141
138
81
145
185
56
92
139
183
126
66
137
181
52
96
143
179
118
100
63
101
140
176
127
79
126
170
65
97
136
180
131
75
118
170
80
96
155
147
142
134
137
193
84
140
143
135
118
170
169
79
98
108
159
163
118
118
161
181
80
152
147
151
94
154
193
73
145
184
137
77
140
184
65
109
188
128
77
149
200
56
109
181
152
184
137
77
140
184
65
109
188
128
77
149
200
56
109
178
80
121
134
188
55
105
174
108
115
137
186
60
115
177
106
108
87
121
134
188
55
105
174
108
115
137
186
60
115
177
106
105
145
185
56
89
164
107
106
92
187
57
92
145
104
107
94
156
135
185
56
89
164
107
106
92
187
57
92
145
104
107
94
154
80
96
155
148
139
82
157
195
66
152
143
148
79
154
193
59
70
96
155
148
139
82
157
195
66
152
143
148
79
154
193
57
145
184
137
79
142
184
65
99
178
128
77
151
186
56
101
155
150
184
137
79
142
184
65
99
178
128
77
151
186
56
101
154
80
121
134
190
57
97
150
138
161
137
186
62
93
145
186
130
85
121
134
190
57
97
150
138
161
137
186
62
93
145
186
129
145
185
56
92
139
183
126
61
180
61
96
136
179
123
122
114
153
185
56
92
139
183
126
61
180
61
96
136
179
123
122
118
80
96
155
147
142
134
137
196
43
108
155
151
154
98
157
201
60
96
155
147
142
134
137
196
43
108
155
151
154
98
157
177
145
184
137
77
140
184
65
113
152
184
137
77
140
184
65
113
152
184
137
77
140
184
65
113
152
184
137
77
140
184
65
118
80
121
134
188
55
105
174
112
83
121
134
188
55
105
174
112
83
121
134
188
55
105
174
112
83
121
134
188
55
105
174
113
145
185
56
89
164
107
106
96
151
185
56
89
164
107
106
96
151
185
56
89
164
107
106
96
151
185
56
89
164
107
106
102
80
96
155
148
139
82
157
199
58
96
155
148
139
82
157
199
58
96
155
148
139
82
157
199
58
96
155
148
139
82
157
177
145
184
137
79
142
184
65
103
142
184
137
79
142
184
65
103
142
184
137
79
142
184
65
103
142
184
137
79
142
184
65
110
80
121
134
190
57
97
150
142
129
121
134
190
57
97
150
142
129
121
134
190
57
97
150
142
129
121
134
190
57
97
150
145
137
173
69
101
141
177
129
81
129
173
69
101
141
177
129
81
129
173
69
101
141
177
129
81
129
173
69
101
141
177
129
85
