113
111
146
104
90
82
126
163
124
140
121
136
155
133
125
149
64
23
21
32
-25
31
67
78
-28
1
2
-39
-53
6
-48
-154
-97
21
-20
-66
-47
-47
-121
90
-118
-74
59
-110
-13
32
-11
11
119
-126
-11
-61
-145
-129
-66
162
118
76
-148
-168
-135
-5
-14
77
154
151
125
139
147
77
55
76
111
122
164
151
74
148
102
110
-56
8
31
-7
-4
68
-54
-61
-34
-89
-77
-52
11
10
37
104
53
-36
-89
-83
22
-88
-42
-5
-18
-3
-136
14
-54
37
6
-54
-28
-61
-57
-134
57
109
37
55
44
-132
-95
-61
84
163
93
-5
132
80
107
95
183
111
178
98
168
115
95
139
114
194
78
130
21
-59
-69
-8
-81
-11
41
-83
-85
67
127
93
42
8
41
-35
-64
-78
-103
-110
-19
116
148
79
126
114
-49
-72
-30
-32
-7
38
139
-47
42
-2
14
-3
64
7
-92
99
41
-35
9
-93
-15
5
138
126
140
105
121
128
142
176
113
38
159
125
130
161
144
98
-43
-83
61
-118
12
80
31
17
-19
-86
-63
-96
8
34
33
51
56
27
18
-19
-8
37
-76
-82
-21
5
-37
-175
57
-42
32
155
125
44
84
3
89
56
160
-15
78
42
150
75
-36
49
175
158
134
129
129
153
174
101
145
135
136
160
117
161
167
70
149
168
83
-38
42
-29
84
106
-92
-85
21
80
-3
-56
-123
61
-81
-61
23
-74
51
22
-39
-83
-4
62
54
6
-189
37
-1
47
16
-28
34
-6
-100
67
-61
-86
7
64
-87
-27
-26
65
-10
41
60
145
184
168
142
156
136
93
104
129
140
89
173
161
110
169
139
91
95
2
5
-92
-37
-14
79
37
27
-79
-66
-65
56
-44
79
25
-42
-28
-68
71
-68
3
19
113
1
6
101
14
13
-159
76
-16
-22
36
66
24
83
126
-113
45
21
66
-51
-126
-58
-61
-115
-114
89
144
90
110
104
148
107
149
164
156
138
119
176
101
97
150
-82
18
71
6
-8
87
-47
-14
-40
45
101
42
-71
42
-1
9
26
-11
68
136
82
88
60
-34
-142
-89
18
87
-63
28
-50
-58
-26
-18
-69
-81
-32
84
92
-41
-95
-143
-8
132
175
-90
-105
-199
128
135
143
70
115
165
107
117
119
108
149
145
126
169
75
114
104
53
60
17
22
12
-22
92
89
58
-43
49
50
17
-15
7
28
-105
-34
-38
-7
-78
-55
0
162
158
-44
-101
44
8
69
23
102
-9
17
-41
-24
-50
32
94
-1
89
10
-64
-14
111
70
-61
185
126
132
140
144
154
99
161
108
182
100
150
93
172
149
76
47
33
-25
165
59
6
4
13
-95
-104
92
22
-20
-53
52
103
-33
96
-38
-114
42
-97
40
11
56
-2
-24
59
-91
-146
28
-34
-58
14
-58
21
-38
-39
-46
-98
-95
123
-17
-30
3
22
57
12
210
115
101
134
131
114
136
137
126
181
123
87
84
118
94
169
-10
77
97
-106
-83
-32
-75
-62
41
63
46
66
19
83
43
44
-61
-69
-2
-45
-39
21
76
-7
-116
-5
123
-46
19
-15
51
68
32
-132
90
12
52
-40
0
38
-57
-166
-23
165
17
-7
-83
16
128
54
71
167
125
148
138
160
164
198
157
111
181
129
163
90
22
67
17
-66
17
9
14
-63
31
-3
81
-29
-6
-39
-44
56
36
78
20
21
50
59
23
30
48
161
16
-83
-141
-148
102
118
154
-49
-92
62
71
-49
-93
6
9
-11
-171
-72
-84
-80
-76
61
135
149
154
118
187
108
102
134
188
128
135
132
99
165
107
94
-95
-27
-27
18
72
77
-9
-39
13
46
65
108
-16
32
62
74
27
-85
-92
24
-112
-18
-96
-1
80
-3
-18
119
113
113
31
-25
-66
-58
53
44
136
100
63
30
55
-12
-32
66
130
-32
-6
80
131
83
113
175
109
141
155
130
48
105
111
124
125
179
201
107
87
9
29
6
69
-5
-78
21
52
47
3
23
-44
-50
-21
14
9
131
2
28
-25
-10
37
-126
-71
100
47
-122
-37
78
-112
-33
-81
-17
-38
-172
-56
129
52
68
-23
114
-74
-39
-135
83
48
45
139
160
92
147
138
153
120
171
102
165
98
161
86
87
118
142
-93
-23
39
-9
-97
-61
49
45
80
-49
103
-25
56
15
101
96
137
-31
31
-107
16
13
-51
31
104
51
-21
34
79
-39
21
128
50
-40
-131
60
75
-15
-107
39
35
50
55
-70
14
-24
-36
0
105
148
117
114
80
107
151
64
175
156
115
94
116
60
161
162
102
27
3
67
-28
16
51
-94
-75
26
-101
94
-55
-78
-7
-30
-63
1
-23
62
-8
40
143
-63
-99
-147
43
43
89
30
38
6
-121
124
-78
91
-30
27
88
-56
75
-32
33
-59
25
65
13
17
123
107
80
166
136
144
131
117
156
94
142
138
164
108
149
107
58
41
-37
-11
13
-10
-1
-10
-79
-37
-45
-74
13
41
-65
26
69
-14
88
-50
115
-43
-73
1
94
-54
0
-59
-28
46
-117
15
119
20
50
-98
-94
-35
-43
-63
30
141
-36
19
12
-65
-80
-30
71
23
-64
3
-40
15
42
-18
18
-145
30
19
72
-61
54
29
-73
-14
-66
118
-206
4
50
-6
-74
163
-108
-22
90
-79
-16
46
10
68
-2
33
89
60
-24
92
61
5
85
-8
79
-101
44
-7
-76
-6
-32
95
66
-171
10
24
-26
35
-53
-49
103
107
-20
-53
81
-42
-46
-29
-27
-58
74
89
-40
-151
47
-24
39
-17
-27
20
-21
-75
-101
29
83
15
-217
19
63
-94
-45
-139
71
-45
-215
-82
-69
-11
-43
-30
-15
5
-100
-40
52
-57
-34
14
-26
-24
-40
1
98
23
25
35
-117
67
-79
-110
-73
42
-12
90
44
-124
29
95
-12
-16
-3
-79
71
-128
132
-28
-47
-62
79
-6
125
-119
-23
-15
135
28
93
-55
-84
-126
-108
-63
10
17
-8
-33
34
12
-82
-49
-16
107
-72
108
48
-177
71
-104
28
-33
-11
99
-54
21
-112
134
95
-38
-76
-61
-45
-12
-2
-84
74
14
34
108
65
27
69
23
94
21
7
37
14
-108
63
-69
-42
87
-72
58
52
-44
-38
25
85
26
-42
16
-84
-160
56
159
-17
-50
193
-31
-7
97
162
47
69
83
65
-112
-140
93
-84
46
63
-48
42
-50
30
-148
-73
-106
-47
-36
-44
140
17
-92
-98
-97
-15
-35
18
66
86
1
-86
-122
57
15
-94
3
32
-28
-62
-94
-78
-7
50
10
-3
45
-123
75
-41
-218
24
44
1
-28
155
90
-42
-16
202
9
-215
-60
31
-52
-137
45
4
44
15
-83
46
132
-116
-68
1
58
0
62
43
71
40
-26
-45
18
-41
119
-44
-38
32
87
-19
16
184
29
63
-22
-1
-25
36
-121
-23
-53
60
-25
-36
-59
-133
69
21
-29
-34
55
15
-53
-125
-79
91
34
90
-112
-57
63
132
195
17
24
-48
-6
-18
-81
-18
-72
107
-91
-130
-18
38
33
135
24
8
-11
99
73
2
62
130
-10
37
135
-31
71
21
-39
-71
-100
-3
-23
-119
120
25
-23
-26
-112
-91
42
18
-4
-42
17
-3
42
36
-31
82
70
-171
-159
-59
20
29
-151
135
-1
-54
54
4
66
155
13
-241
-389
91
27
100
32
-87
115
127
72
-27
53
90
-16
-27
-104
-131
-26
-14
17
72
-56
21
65
117
106
-43
-1
78
78
-86
-1
-125
-111
-8
3
-87
-93
40
-91
-5
-4
1
-42
35
-71
77
-123
-89
37
-130
51
75
73
5
78
-87
-36
64
180
105
33
-64
17
-6
-170
3
123
17
1
-67
153
14
37
106
-30
-31
5
119
-62
-13
-5
-92
-43
-148
-43
-16
14
33
22
41
4
36
-90
42
16
27
-115
-173
89
-24
-84
74
-40
-76
44
-34
-15
12
75
78
-42
-26
19
-15
-162
157
140
108
8
33
94
134
26
-94
-293
177
78
202
-64
-113
-92
-94
-105
22
-40
-77
-92
-105
2
87
-78
-184
-155
-37
-37
-61
93
59
-80
144
84
100
-94
-9
1
-19
-46
62
-25
-158
-117
-37
-29
16
-68
-31
26
22
-41
55
-109
-59
41
-22
72
22
17
-37
-158
21
69
13
-13
217
27
-116
9
-71
-112
-34
-7
43
-74
-34
110
119
108
-68
-41
10
38
-10
39
17
-53
75
114
29
-67
-27
-69
68
65
-48
-3
-125
100
-76
-55
77
124
-50
62
49
-6
-24
-83
-31
-10
-91
-7
-40
46
-10
-54
-27
-36
-82
30
-51
89
83
-44
-8
38
108
161
43
-139
174
-29
-237
-80
108
208
162
-60
-26
71
16
9
142
108
-14
73
7
28
24
49
-90
5
-22
-111
-13
-37
17
4
24
-2
-10
-67
33
-54
-17
-28
-22
-6
75
-207
-3
-83
-63
-8
-1
-17
-28
101
-23
-4
-19
-79
70
-23
-76
46
59
59
-35
7
-15
124
-43
13
123
-103
-206
-18
68
175
-39
32
-40
-10
-81
33
-143
-184
43
-105
-187
-4
-34
43
154
-38
58
-18
-21
19
68
-81
-83
-39
14
39
12
38
28
20
-80
-39
-30
-78
-18
19
-75
-28
-68
-22
79
-59
-19
-19
37
-26
25
-100
-13
54
-51
-20
6
10
201
86
72
-5
-80
-153
-267
67
42
-35
-137
-160
8
-33
-101
35
-49
-6
-46
64
167
83
-96
-50
-85
80
20
-129
41
-68
-99
-82
-45
39
-81
-108
2
-18
110
93
52
72
3
-77
-54
-19
18
-46
-32
42
103
-22
-52
-106
-18
106
44
-59
50
47
-59
74
120
27
162
167
-153
63
47
52
-103
-209
-51
-8
-116
-66
5
-46
-1
82
-109
-148
77
138
-86
45
105
-57
75
57
102
-8
-90
54
139
91
-86
-50
23
-27
26
-125
43
-23
-38
0
20
-14
88
0
15
-75
-55
3
37
28
-13
75
-43
99
-91
100
-137
78
33
19
99
7
10
168
-66
69
-181
-136
-166
36
7
-92
-82
-239
-111
51
11
-31
189
20
-107
-112
-47
18
-94
-165
-62
-128
-133
-48
54
-46
98
93
-46
-51
32
54
95
47
-34
110
256
114
18
33
69
20
63
-82
-4
-34
39
-47
-35
137
5
-43
-90
-9
3
13
182
-65
58
78
-94
93
-86
79
-131
-229
15
166
28
-35
-79
-193
46
64
-49
15
48
131
6
31
74
-27
21
18
51
-16
-49
50
82
-48
70
74
3
46
-32
28
-29
-4
-28
42
-59
-60
-149
-36
-11
-103
101
1
-77
-49
90
20
-92
-27
-47
50
-123
94
-45
-22
-81
132
87
135
-173
85
34
16
-31
-49
21
71
80
-84
-11
-79
-61
-35
-50
113
-116
-95
-164
-96
148
163
-103
-86
-33
150
-43
-19
105
-136
82
-5
-81
25
-211
-30
-90
-162
-75
-23
-103
117
40
62
-46
-155
90
5
-16
40
-44
-210
26
-8
20
41
-53
-100
180
-57
68
-43
2
-72
-31
-81
-151
180
-9
33
2
110
-18
-76
-70
-25
-7
-63
182
259
-8
-138
-162
-143
57
170
25
-98
27
-64
91
-11
148
-13
99
11
178
-40
-67
-112
-173
77
-4
28
127
37
-59
125
-160
96
-93
27
114
-22
109
3
-148
-71
126
-20
-119
142
-117
-15
-20
41
31
-28
-35
-94
146
21
-73
56
98
-75
26
53
-5
-55
95
131
62
-58
26
82
82
-40
49
71
-21
198
-49
24
60
93
10
204
-42
276
152
136
-61
24
-23
-158
14
65
-87
-100
72
126
-97
123
22
-2
22
71
55
38
-37
181
51
-59
9
-86
-17
20
-33
-54
110
-59
-87
-32
59
-89
49
-162
-4
3
-24
-96
81
80
-279
99
-119
-20
-57
-48
-3
73
-85
55
-57
-118
107
-103
-145
-293
-248
73
188
10
78
255
15
38
-22
102
69
-244
47
-143
-181
-296
47
-45
-148
81
-134
150
14
-47
-116
24
-121
-56
-63
70
-91
5
60
-25
-73
84
9
106
2
-230
-156
-139
-4
-79
31
-105
-38
-77
-21
58
18
95
58
28
172
-119
-259
-44
-19
-185
9
166
-17
-3
59
22
-86
-19
41
-99
-16
-57
6
-62
-53
-147
128
-5
46
-85
216
-54
-94
63
-4
-23
-23
70
-59
111
38
-113
82
-105
87
-61
48
-30
15
-97
-96
195
21
-71
-72
54
50
129
57
-112
179
18
147
187
28
84
25
40
-20
68
-183
35
-129
45
102
35
132
-67
-17
40
11
-50
98
-161
-105
248
97
91
-16
-37
180
64
62
30
-39
-48
-98
-36
-10
-7
-14
-14
-73
39
-15
51
-82
-145
51
-49
76
107
-135
35
110
-97
-97
6
-38
109
-41
25
26
-203
128
-111
162
22
-48
-83
3
-115
-19
156
47
-20
-86
-39
114
-29
163
-3
-67
-136
-134
-124
120
-126
-29
-43
-13
-182
-121
-94
71
-95
-109
73
-114
111
-118
-144
-94
-47
-25
180
-66
-25
-46
54
2
42
27
-120
103
119
13
90
-58
48
-23
11
-73
46
-50
-31
126
-12
-108
-71
54
133
78
55
204
31
-23
101
-68
-227
49
112
138
-143
-68
61
-51
-50
-162
-45
-90
83
25
30
8
-174
-78
95
-146
84
2
228
81
103
-84
-16
-113
-8
-139
155
85
-46
-65
-1
-101
45
84
13
4
-19
22
-11
24
25
-29
-55
62
60
90
-9
47
-26
-151
-112
-58
121
269
94
47
84
148
-22
51
-151
-223
58
0
-83
-6
179
89
-76
-74
-163
61
-132
-86
56
-9
-144
133
74
-137
-107
135
79
-222
-9
38
-62
-120
16
-65
-78
46
60
121
7
-78
75
27
-5
133
-76
-47
49
-10
18
-53
118
132
53
59
-153
9
-116
116
-121
-159
28
-49
146
74
96
196
-208
20
-20
67
72
36
30
109
-187
57
100
-192
-112
-25
-74
0
61
33
13
17
-103
277
-31
24
-28
-4
92
-12
30
-45
-12
30
14
24
-18
-51
118
-47
50
28
34
50
97
35
14
-101
21
4
-10
87
81
21
84
8
62
75
-40
-143
66
-39
11
41
-23
-120
-145
-179
-138
50
-79
-113
-108
-81
30
45
131
-93
128
8
-35
117
189
22
12
-80
3
49
-24
-124
39
147
76
-157
-47
55
-22
72
-12
-1
-54
61
50
38
16
77
53
-28
-123
-4
22
-37
-82
-39
99
-81
3
-54
130
-3
150
30
57
-24
-93
45
-11
-137
5
-150
28
-83
-244
-123
-111
-23
-69
-211
-42
45
-38
11
28
209
105
-48
-114
-70
-138
-108
-98
-169
63
-15
-136
198
-13
5
-133
-80
-10
-12
-118
-51
140
41
3
-37
-95
-52
13
-98
-6
-57
55
114
48
41
143
-174
-8
32
49
-65
149
76
-43
22
-81
-149
86
-46
6
89
83
-158
-94
-234
53
-132
-124
28
-128
188
-120
-22
73
94
-51
51
-137
141
48
-82
1
-187
-55
-171
80
7
-31
-2
106
-54
-169
3
-103
-7
208
-118
102
-101
84
12
-37
25
-83
17
8
83
80
-180
142
-99
-85
-78
-114
43
-61
44
-50
87
117
-25
-32
-108
169
8
26
98
107
-43
-195
-85
-151
44
144
148
158
26
-102
93
-124
-122
123
82
-82
90
217
72
-93
-118
62
51
41
66
-95
2
-108
102
-100
-33
110
89
-46
117
30
-85
-56
10
-163
45
-158
78
103
121
69
-39
-46
-9
69
37
66
-5
-70
27
-95
-91
-138
-126
3
6
200
203
8
75
124
7
88
173
233
49
-7
-75
-61
-102
44
-33
-5
15
120
-118
63
216
213
76
260
61
-106
16
-83
55
19
-5
-42
-25
30
-2
-57
137
-63
17
17
24
-72
66
1
-37
-92
9
70
-34
-26
4
-34
-83
-53
17
-45
-77
-136
143
184
51
-43
-93
8
143
-16
-89
115
11
174
119
151
-49
-141
4
157
-72
94
-4
-37
-53
-95
-222
-112
-65
65
142
-33
18
-152
-35
-4
-24
123
10
-46
-8
-120
31
-54
13
-38
106
58
-72
-110
19
-33
95
1
-16
-37
60
-31
-131
-134
-72
44
-67
-59
-50
-22
56
21
-59
8
-135
75
117
-113
39
267
102
14
20
-66
146
-152
124
-268
-143
18
199
-26
-179
-52
-29
28
3
-83
153
-171
30
-122
94
-69
31
-243
-46
-32
33
-140
-103
-72
52
-76
43
49
125
-24
-85
108
36
78
64
-73
-53
-27
136
-157
-32
10
-139
-18
-127
45
-19
-128
-116
59
-44
25
-66
27
-10
63
68
78
-88
-6
-178
50
106
-24
-111
-16
-47
139
-132
-19
-256
-223
-185
-52
156
64
-86
-100
-20
-82
-56
48
68
-39
-30
48
6
-60
95
23
-118
146
83
39
-58
-86
30
74
-53
-20
-6
-76
-11
-8
-9
55
-88
25
-101
-148
30
28
-40
-22
-176
-83
-66
76
146
-73
-34
-7
-44
-78
-34
-228
-39
129
39
116
48
31
-185
-130
-129
-15
72
1
-24
-192
16
-83
21
18
-55
70
74
-42
-40
64
-45
34
42
50
-11
-121
-32
67
30
45
8
-4
-67
-51
3
-83
-105
52
-29
2
-39
37
203
-126
148
87
-34
-97
-177
127
-51
86
68
9
0
95
68
-70
30
-110
87
-172
59
107
65
99
102
-3
9
63
81
173
-82
-137
-42
-21
50
15
7
70
-45
43
68
-140
74
66
-79
-91
-63
-51
-8
-1
-59
52
-133
93
-95
-32
16
66
105
-4
124
-64
-52
40
17
-150
107
-24
-52
-146
-200
66
63
235
18
149
-4
-114
93
-40
-19
-36
-31
-141
39
9
-7
146
-89
-29
-113
-60
26
150
-34
-13
79
-31
-96
61
-8
-10
-70
-20
72
-18
-32
-110
-17
11
8
-39
-18
41
79
75
-20
-36
-29
-88
83
-92
147
23
11
10
-125
-40
24
70
93
-160
11
229
76
8
9
39
-107
38
-186
-167
-34
146
46
-25
-146
15
-82
-46
-35
-11
205
1
56
126
-30
-20
151
148
5
-75
-17
-58
-38
-121
81
-112
15
-205
64
-79
-4
-43
10
-18
-31
-8
104
72
-14
108
37
42
99
-51
30
-159
74
58
-109
9
-262
-78
73
137
78
53
-86
-20
199
-114
136
341
96
41
-127
128
-129
10
-197
220
-207
60
-32
-81
-159
-83
43
-165
-138
76
-40
-117
-208
115
-4
-147
62
-34
-65
45
43
-179
29
7
65
-53
-63
-28
71
-14
34
-47
54
34
119
-135
53
-63
18
-55
28
98
-5
19
-113
33
50
36
190
208
234
-149
97
-135
-138
12
-137
40
-63
-5
-84
-115
24
191
99
-17
136
-34
-256
30
-67
-172
-79
-13
-25
-41
-64
112
-148
-141
-6
-60
13
166
213
-20
195
-78
17
-91
5
-46
77
37
-133
2
39
86
22
-86
172
-34
1
-100
6
-15
-73
31
71
52
20
42
70
78
46
26
122
-1
-22
130
0
179
278
68
8
72
-223
-162
-51
12
148
62
-6
-33
-91
-44
170
-11
-150
1
33
-79
-129
-71
129
-84
-187
105
-48
-54
90
53
-45
64
-17
-16
169
-6
-163
-12
24
40
-127
-60
-6
-92
88
67
75
114
-120
24
-85
65
-23
167
-60
39
-120
63
-65
36
120
189
135
-31
81
-136
109
-63
-60
-79
-108
-40
61
-94
-9
76
103
-44
148
94
-149
-125
71
-89
-38
-62
-92
43
-24
-51
-8
-70
-230
28
56
-16
49
-44
105
68
-12
-48
33
-35
114
-63
227
-72
-1
61
16
41
89
-95
75
92
69
94
42
-57
43
-115
-75
-15
-97
32
80
-154
58
-123
92
-9
102
172
30
66
83
-14
176
175
-87
-113
252
69
-41
78
47
27
-56
-76
-93
71
-10
-30
-68
-46
-145
-61
-99
115
75
-14
106
-4
81
-58
11
76
69
-16
163
-25
71
-71
62
-101
-3
-7
-31
-71
363
80
34
-17
17
96
-40
190
60
131
141
-57
60
-132
23
-43
128
80
16
-202
-11
20
162
-60
-83
-129
211
26
-275
-33
-128
16
-126
-106
69
71
-81
-22
44
-94
54
-20
-132
61
14
70
56
-68
-2
98
64
73
0
79
136
133
-172
36
100
-159
67
105
-110
149
130
-218
-90
-52
119
-245
-136
-164
40
206
-100
38
-86
-4
69
99
68
-43
42
245
182
212
69
-71
-25
18
146
-97
-163
-34
-110
-12
17
24
47
-79
-53
65
-134
-7
-62
26
-120
-22
-46
-119
52
87
-111
37
-27
-106
15
-69
93
109
-17
24
35
21
34
112
139
97
189
148
-122
-62
54
-56
39
-186
-92
58
22
18
117
-53
-2
12
41
-12
-12
-47
-121
64
-82
-232
114
143
171
154
-27
23
39
32
-79
106
-86
-63
76
-116
-124
24
62
-148
31
-28
23
-35
55
-46
8
-65
32
-170
165
86
-98
182
6
-38
84
3
101
-148
-57
2
-84
-85
9
-14
-123
-13
-156
-67
60
-40
-30
-85
-24
7
-124
36
-108
-12
-25
48
-207
-226
-9
-98
52
40
129
117
7
49
-42
-216
148
-2
-119
-49
118
0
-170
137
-82
-72
6
155
209
-123
25
91
-69
-5
19
-169
49
53
-20
35
117
-135
118
58
24
14
-127
-124
-151
122
60
-95
-240
-34
-127
-70
97
73
-248
-23
27
37
-325
-170
-5
75
45
-26
44
-52
21
156
47
40
202
200
95
140
