65
67
204
142
4
91
169
73
223
223
201
130
60
8
34
233
156
11
250
9
81
180
60
45
164
144
119
102
171
195
200
175
110
172
102
99
213
79
50
85
239
109
190
17
128
125
44
239
80
207
9
238
153
71
212
7
117
65
181
135
217
98
47
93
135
64
113
132
195
77
177
107
111
47
151
80
230
56
210
125
41
50
26
89
68
26
198
33
49
67
201
254
35
61
169
75
48
218
205
47
243
253
253
67
88
34
214
231
228
33
116
210
98
144
99
25
230
68
243
107
238
51
77
240
110
128
2
61
166
243
180
148
141
56
215
7
152
176
95
63
92
192
215
229
134
4
12
10
180
43
141
190
120
84
154
114
44
92
152
124
191
19
30
27
72
46
225
96
240
173
40
216
167
207
35
166
118
250
162
43
146
40
84
48
136
219
147
249
103
233
167
115
153
80
38
23
242
222
124
188
71
146
210
67
101
0
18
48
185
166
3
192
74
76
197
15
68
23
3
50
234
198
33
79
178
248
14
2
136
170
81
25
157
241
5
22
34
176
251
153
161
19
158
213
106
140
221
102
48
211
44
98
32
67
141
211
226
112
171
102
223
69
244
35
147
136
173
240
47
235
88
240
142
232
125
130
27
30
134
13
86
35
34
34
78
28
69
101
99
225
153
101
239
215
135
110
233
148
202
148
149
179
17
77
79
16
40
189
100
162
149
53
74
122
173
54
89
125
198
140
20
188
150
161
36
94
160
64
245
158
44
254
143
249
120
46
19
111
20
158
129
69
120
116
8
49
172
97
19
77
8
220
24
207
89
247
118
54
1
245
82
190
33
233
232
214
52
55
12
113
215
152
232
220
15
155
104
47
192
52
81
210
11
208
230
242
50
60
132
111
26
63
100
56
13
86
103
39
168
92
196
145
118
33
3
100
234
43
242
169
13
103
237
198
54
253
42
230
51
9
17
75
40
58
215
237
198
87
60
214
27
28
92
229
188
199
98
213
71
191
72
16
12
151
70
253
33
233
198
38
237
228
166
51
66
105
183
78
128
89
196
116
184
232
153
182
254
254
169
32
197
26
174
211
22
12
201
100
181
33
221
29
69
157
155
227
3
18
13
100
91
250
67
156
38
137
123
60
36
190
122
255
152
10
75
70
52
87
220
188
223
147
82
183
89
5
148
170
40
115
184
78
50
23
153
110
159
241
178
236
15
126
232
42
192
250
83
114
206
171
75
117
48
167
195
232
107
124
202
66
183
175
30
32
216
28
91
179
253
228
65
73
248
206
239
159
140
247
28
79
238
220
47
124
14
254
115
98
100
7
0
60
89
154
2
111
232
132
69
185
24
86
189
16
111
37
42
62
152
44
144
182
249
202
2
64
58
154
210
208
41
67
60
50
255
218
109
194
241
115
121
26
39
3
16
16
92
82
175
55
105
4
115
130
80
55
38
50
19
4
34
53
221
114
185
28
32
125
166
73
158
93
56
13
9
252
244
236
7
43
63
230
121
231
244
227
241
4
186
164
48
92
134
67
66
69
33
154
105
184
182
151
24
247
89
86
249
248
254
215
186
183
62
61
128
50
132
27
193
84
127
0
158
58
233
218
35
155
54
78
54
243
102
126
114
166
47
60
64
212
189
35
246
195
161
95
77
247
193
184
104
109
229
237
60
41
197
76
28
99
65
71
9
5
99
246
237
223
186
33
48
254
61
159
186
239
173
194
255
192
119
239
24
114
234
156
190
57
147
85
125
109
219
185
6
189
101
200
149
229
95
119
4
9
195
84
190
69
135
248
217
219
52
32
246
239
180
79
227
133
121
86
62
84
94
52
86
120
231
43
30
225
108
209
60
30
185
62
172
76
221
185
97
245
64
244
200
41
46
46
232
7
61
199
91
30
133
80
93
96
162
193
203
98
174
80
1
109
59
169
128
152
91
103
252
91
43
86
38
95
134
253
126
122
159
177
204
22
71
5
155
60
252
205
38
3
105
145
86
88
173
140
250
53
163
117
228
115
91
181
13
40
226
64
116
8
215
203
244
92
229
166
187
164
203
149
214
157
215
110
95
68
170
253
2
233
25
39
123
61
237
181
163
159
53
173
204
114
9
150
30
143
183
195
25
38
50
112
238
189
219
174
63
233
210
111
13
201
34
178
202
64
55
142
220
248
49
223
204
68
8
146
234
209
30
26
34
10
59
253
119
91
186
160
216
210
76
156
146
24
45
160
194
235
156
226
166
31
222
108
40
142
208
205
242
212
200
104
240
142
60
4
192
228
164
167
119
149
143
80
98
85
41
46
180
241
248
87
140
233
16
103
67
194
84
58
97
166
172
79
237
83
232
213
236
98
212
123
16
63
129
221
193
223
70
172
237
232
195
13
83
67
232
218
113
66
207
119
167
171
86
130
172
219
120
52
46
100
209
164
181
91
242
29
7
216
21
94
229
124
164
182
53
175
242
237
186
121
255
174
250
222
26
202
22
8
62
122
179
107
17
251
191
206
226
207
161
30
72
0
195
137
28
33
154
61
226
173
62
225
55
150
141
29
163
170
170
93
188
249
177
54
212
55
80
165
251
96
118
59
221
251
107
254
154
41
147
30
74
139
35
83
205
210
229
131
245
76
21
0
189
128
205
186
215
156
118
192
167
35
172
132
16
205
71
2
91
102
94
48
7
64
71
120
29
89
160
1
119
251
72
195
157
233
223
204
164
140
74
125
159
33
33
1
235
110
107
234
18
76
171
223
222
95
214
217
19
12
219
218
214
62
25
99
5
134
164
220
68
240
27
3
227
185
150
249
151
244
55
36
33
92
192
92
65
255
108
76
193
239
50
57
111
28
195
168
227
238
182
98
175
121
169
232
222
190
160
145
254
44
16
8
82
242
32
81
232
72
39
41
119
251
162
183
96
190
201
168
171
195
177
227
196
145
86
211
100
142
8
237
67
67
93
58
185
57
173
26
138
222
116
228
27
227
171
53
150
88
68
216
249
228
57
134
255
35
59
6
68
130
203
169
170
24
188
154
215
66
250
63
8
5
104
162
143
144
251
246
133
116
229
187
117
129
128
156
204
30
123
86
194
88
109
70
15
157
214
128
116
74
234
107
169
162
119
226
140
237
206
208
136
32
62
193
6
152
126
140
164
186
50
249
117
218
214
206
173
44
215
187
112
204
204
106
164
1
108
228
32
143
117
84
208
101
182
204
179
57
111
81
80
11
0
67
78
228
88
146
21
52
84
231
46
212
85
224
50
143
28
87
191
74
135
23
73
132
46
44
33
168
140
206
108
207
214
167
98
156
80
109
101
83
36
118
20
193
47
29
96
151
149
253
181
192
174
55
27
93
136
173
200
14
171
177
202
24
124
100
147
100
86
24
175
158
252
119
150
170
89
241
250
46
226
158
189
52
54
24
130
165
141
16
27
200
6
215
19
135
251
149
133
64
109
51
115
67
247
122
119
60
226
229
68
199
239
184
13
26
21
252
136
196
201
128
38
144
209
145
108
212
212
47
190
99
30
211
25
250
203
48
110
65
16
212
157
108
191
227
245
94
222
224
183
163
213
16
214
72
194
230
37
73
8
253
237
92
29
207
114
77
95
78
91
26
53
109
3
165
140
199
230
218
45
114
212
19
22
47
13
83
171
90
42
101
7
45
68
41
223
255
243
63
167
160
88
2
46
28
102
147
200
67
59
212
163
33
171
104
249
238
211
238
182
191
158
230
239
86
36
165
75
250
136
111
224
112
139
4
248
243
254
57
72
163
73
179
65
73
162
194
79
2
167
204
133
58
46
9
123
71
11
130
11
161
216
173
35
136
99
251
137
150
104
121
133
240
99
91
151
126
201
69
202
200
64
108
97
175
196
79
141
205
185
188
233
213
77
199
215
95
225
167
24
146
242
179
45
9
32
150
77
175
86
176
237
137
120
4
0
155
6
57
28
18
72
229
246
205
78
158
242
15
48
165
212
66
147
162
103
248
70
102
43
251
107
81
201
179
163
252
156
15
46
47
254
230
5
164
130
25
68
171
2
154
127
136
6
46
224
72
99
111
65
67
254
151
59
113
155
237
111
223
235
138
48
241
157
63
209
13
166
11
208
202
127
154
59
138
1
102
112
161
242
101
137
26
255
249
72
42
145
251
93
38
40
134
134
236
85
20
128
214
199
167
220
236
172
0
87
46
99
91
13
142
225
161
119
202
243
127
163
106
152
21
124
68
80
89
128
141
54
163
45
236
189
88
199
234
81
213
155
139
35
126
16
115
74
212
54
63
26
132
111
15
68
92
229
91
238
249
196
212
202
80
108
131
34
249
133
83
182
122
34
232
72
207
16
52
48
232
99
188
116
123
42
208
224
50
0
174
80
11
9
80
253
149
148
129
96
22
53
142
226
35
83
36
55
118
221
31
222
76
92
237
144
139
20
198
240
62
128
114
202
41
21
58
164
114
171
139
29
182
65
95
27
68
47
62
129
16
174
41
178
91
223
157
123
33
65
214
55
204
65
226
62
60
109
64
224
153
46
234
134
104
122
88
132
166
194
125
17
163
129
156
127
231
143
85
108
92
234
169
93
213
20
33
122
60
80
118
238
116
83
57
67
163
243
7
158
13
90
45
39
106
67
127
133
55
147
234
237
254
58
85
216
159
139
166
12
150
150
226
236
224
70
119
176
196
142
250
165
25
94
197
199
27
151
151
134
137
197
58
120
251
249
73
25
150
29
253
237
2
166
120
153
126
19
83
84
241
255
232
189
172
212
252
56
153
29
36
232
230
146
81
101
115
84
118
144
128
93
174
254
235
144
32
213
210
52
207
94
28
188
168
15
193
12
154
110
98
254
242
205
36
10
176
44
49
244
227
60
4
255
129
224
125
124
207
49
54
209
39
192
127
34
40
36
117
33
227
210
35
7
147
123
12
59
121
233
198
198
106
119
94
76
179
224
127
55
99
253
134
145
238
253
158
136
90
126
37
87
51
154
111
162
127
138
92
8
203
186
234
187
105
90
195
84
61
147
250
222
48
108
4
176
216
247
200
34
150
149
219
12
212
235
104
153
90
123
245
249
56
102
254
200
89
144
74
131
11
7
4
81
92
121
114
213
108
36
28
62
6
57
175
135
72
5
179
242
53
143
241
178
127
178
212
93
215
251
195
167
51
239
213
191
26
75
70
54
46
145
224
232
3
98
24
90
56
210
29
3
195
87
239
253
254
174
233
26
55
235
251
2
213
250
42
207
251
44
29
194
197
79
82
203
136
160
253
144
50
82
159
231
38
4
160
7
229
155
207
247
149
237
87
111
84
112
19
1
116
235
10
40
184
23
73
22
202
122
242
28
130
47
155
183
226
198
253
178
78
96
61
39
59
76
83
43
89
252
193
243
53
85
13
163
153
124
143
159
232
71
120
250
178
200
58
99
52
252
208
234
239
211
5
201
22
72
226
58
137
175
117
14
76
171
55
136
6
89
24
171
120
150
202
64
233
118
109
102
140
251
66
175
177
93
213
32
91
111
10
191
37
128
209
44
63
75
131
118
189
77
56
214
163
137
90
112
220
253
46
179
84
148
125
240
103
58
146
138
75
125
228
29
90
168
43
215
75
188
47
166
163
149
179
213
216
123
188
145
178
116
108
187
107
147
107
122
198
19
35
40
196
96
101
46
54
216
185
249
34
30
247
92
87
213
132
117
177
136
158
179
213
209
211
128
108
29
41
165
211
208
138
231
247
206
120
132
165
154
178
46
50
110
112
146
204
25
82
53
127
129
202
82
230
13
166
70
78
219
69
240
2
149
197
18
30
163
128
38
104
99
112
169
246
44
197
183
92
240
66
188
125
105
153
166
140
113
213
180
169
152
241
134
195
183
228
253
145
155
254
161
130
232
255
98
98
216
119
220
197
117
206
105
92
66
122
149
248
34
3
77
184
107
122
125
46
154
10
115
157
113
74
82
173
217
15
240
21
162
241
142
93
18
207
110
223
165
228
0
55
62
43
127
209
20
119
155
190
231
171
98
174
198
45
58
158
198
231
12
6
95
224
124
101
237
235
230
74
195
98
224
227
24
138
60
58
181
218
112
95
134
51
91
15
75
48
74
202
97
51
229
79
127
41
30
147
225
82
11
251
177
98
65
154
134
220
189
186
16
135
162
202
253
217
27
213
52
132
171
134
2
204
118
92
108
103
25
87
166
87
73
102
245
22
34
130
231
162
206
30
151
237
178
197
46
90
26
196
191
29
175
138
72
234
6
142
96
160
170
169
210
170
16
61
81
76
129
19
231
52
221
95
46
213
138
221
211
208
158
201
204
135
130
102
98
138
67
83
58
129
57
202
1
112
235
248
153
218
61
76
197
48
11
33
55
186
111
239
68
181
236
252
153
223
218
94
189
177
78
242
149
237
175
136
255
226
53
194
170
51
154
136
128
59
137
82
209
133
247
180
99
93
46
251
140
2
95
241
202
178
33
231
161
219
19
16
124
147
132
171
105
198
115
72
118
110
132
7
189
70
251
20
68
92
110
176
53
203
83
4
14
221
191
98
72
151
116
239
12
2
116
222
4
246
0
173
30
91
226
44
175
216
133
10
178
211
220
46
215
248
103
20
247
247
64
190
240
230
203
57
140
85
161
195
50
13
224
69
139
140
5
26
238
23
120
180
47
165
16
81
175
111
132
5
146
225
128
124
167
220
116
201
222
174
62
118
236
71
73
208
85
86
252
249
178
93
80
108
215
136
91
19
158
6
147
85
2
21
35
113
178
175
70
248
136
140
110
224
254
138
34
120
14
63
113
195
192
116
15
12
242
198
69
40
38
48
155
212
67
236
14
246
181
35
170
149
63
10
160
99
219
145
245
30
112
40
180
77
159
103
148
40
182
81
124
121
66
138
62
238
74
131
134
235
28
53
196
2
121
200
201
178
227
51
217
197
202
138
120
103
208
75
212
86
167
56
172
93
238
77
166
167
254
141
252
53
148
68
111
17
243
189
63
221
126
60
223
60
197
0
224
102
162
43
30
11
77
165
45
219
176
8
14
198
119
171
53
155
200
34
71
151
119
180
238
234
190
211
217
221
148
113
117
21
153
46
93
156
212
148
13
32
3
39
62
107
127
152
204
203
230
235
235
234
174
241
244
180
43
126
197
66
45
154
39
229
15
68
89
62
118
166
38
14
188
37
172
179
164
191
106
166
78
208
209
153
125
85
176
62
36
131
161
247
85
101
118
3
178
138
172
102
95
222
187
254
81
110
27
39
194
123
192
131
15
27
7
82
206
144
22
88
171
53
202
224
164
196
74
43
134
33
33
23
125
102
222
252
4
200
146
74
19
111
196
38
234
240
31
32
178
48
51
107
15
231
156
14
132
200
186
250
67
92
249
39
55
180
63
76
12
251
156
87
65
105
25
5
194
237
53
10
79
195
187
251
66
170
36
213
224
188
87
147
163
6
217
237
159
17
92
97
79
92
158
95
214
73
19
24
132
25
39
12
85
90
128
242
99
163
160
216
228
205
0
93
239
29
176
145
162
222
219
192
158
63
81
232
92
254
192
169
136
252
196
163
47
172
251
148
10
60
122
20
207
234
159
122
199
77
48
74
227
208
227
174
109
50
30
185
255
172
107
74
133
31
9
100
209
46
118
77
79
83
66
19
216
74
27
248
226
31
164
120
3
168
134
93
101
111
2
138
207
85
132
183
116
45
219
19
86
39
48
10
175
207
180
209
125
36
190
201
126
16
152
221
221
150
85
167
30
136
63
107
144
244
227
186
30
119
240
255
1
141
39
49
185
85
121
250
194
195
169
191
126
62
86
44
104
140
206
39
250
201
175
40
229
5
114
165
161
62
163
34
221
187
250
226
252
219
183
209
37
71
75
119
108
115
30
24
119
98
13
108
184
14
132
47
152
168
194
137
88
130
98
32
112
68
7
107
67
220
214
37
252
136
147
239
234
145
125
125
196
39
93
224
44
143
25
50
206
77
138
118
116
162
16
10
32
220
0
29
84
124
35
254
188
147
120
182
71
5
253
211
155
92
166
193
103
76
126
102
203
26
231
117
153
136
209
211
20
32
141
103
26
89
211
242
86
159
154
5
246
138
40
154
182
157
239
1
211
233
118
48
49
126
182
105
189
212
33
232
10
163
165
28
134
43
221
90
150
168
17
47
26
23
211
218
190
113
200
73
242
103
146
17
9
44
24
15
254
3
85
0
28
59
61
178
21
193
124
145
241
231
42
191
117
57
44
37
211
177
8
28
95
25
224
82
212
30
63
185
115
60
181
42
28
48
189
177
90
147
50
21
194
240
83
103
176
166
255
155
8
164
178
253
228
185
214
89
35
238
24
241
210
247
123
205
178
3
4
93
74
168
168
166
26
81
254
165
225
155
193
208
228
89
167
76
147
191
38
44
162
30
139
115
23
250
52
6
84
196
44
245
210
80
196
234
85
134
97
213
141
186
219
26
47
170
242
249
33
198
153
12
60
48
237
229
205
21
30
74
61
104
245
168
50
9
95
8
155
165
203
180
24
13
0
121
98
144
79
215
69
246
76
31
70
1
138
188
186
104
17
86
157
54
111
89
219
49
58
126
117
75
66
134
31
69
245
185
151
79
16
207
91
194
117
8
55
16
224
80
56
193
205
207
228
3
162
209
84
206
43
239
30
238
106
181
220
245
166
6
110
131
100
90
111
25
33
255
44
180
239
138
218
135
242
188
170
247
163
75
160
10
200
147
214
94
197
38
191
129
141
198
86
5
40
180
90
205
122
140
232
113
96
170
17
196
187
222
21
167
56
50
197
202
79
233
25
61
6
121
190
205
157
115
228
180
9
35
235
29
36
152
3
201
231
52
114
81
127
53
165
166
213
132
36
1
207
158
110
1
163
35
161
185
194
126
28
98
171
96
25
172
188
73
49
193
254
98
235
42
111
216
254
118
68
94
146
241
171
240
14
160
166
24
21
36
15
226
254
239
36
59
62
123
173
160
86
202
3
185
173
217
176
233
1
75
136
159
218
177
117
181
5
29
31
61
192
175
80
243
18
118
249
237
29
158
171
191
216
149
3
42
64
186
114
60
70
38
45
78
218
221
180
8
120
13
185
5
176
93
36
33
101
147
253
19
67
165
8
117
45
188
205
80
241
152
46
134
187
54
47
154
103
218
167
69
228
221
239
123
53
191
177
74
233
43
224
208
6
216
160
144
43
59
47
136
119
155
101
69
60
222
111
80
61
211
237
217
78
168
136
54
132
189
