64
101
168
125
128
109
160
181
72
165
120
125
104
157
176
69
160
117
120
101
152
173
64
141
208
101
96
181
200
61
136
193
-1
0
127
192
-1
-32
-193
-96
-1
128
191
0
-33
-192
-97
0
127
192
-1
-32
-193
-96
-1
64
127
0
-33
-64
-97
0
63
81
145
184
137
77
140
184
65
109
188
128
77
149
200
56
109
181
128
68
149
193
56
100
181
113
116
132
193
65
116
172
113
110
33
61
-63
-50
-95
-3
33
46
65
-67
-47
-34
1
29
49
62
-63
-51
-31
-2
33
45
65
-98
-79
-35
1
94
49
61
-95
-79
80
121
134
188
55
105
174
108
115
137
186
60
115
177
106
104
131
189
58
96
163
109
106
96
187
61
94
152
103
109
94
157
-97
-77
-33
-4
31
51
63
-100
-81
-29
-1
92
47
67
-97
-84
-33
3
95
12
63
-93
-65
-20
-1
99
15
60
-97
-61
-17
-79
145
185
56
89
164
107
106
92
187
57
92
145
104
107
94
172
55
93
140
181
144
95
150
184
67
141
184
125
92
151
186
62
-31
2
97
8
65
-94
-63
-22
1
98
17
56
-95
-62
-15
-6
97
18
33
56
-63
-14
-95
-6
17
34
65
-72
-15
-94
1
49
80
96
155
148
139
82
157
195
66
152
143
148
79
154
193
47
146
140
135
128
135
190
49
87
178
124
123
144
187
46
85
157
95
16
63
102
-65
-16
-33
-8
15
64
95
-58
-17
-32
-1
8
63
96
-97
-74
-33
0
31
8
63
-96
-81
-26
-1
32
15
49
145
184
137
79
142
184
65
99
178
128
77
151
186
56
101
155
126
68
149
195
58
92
157
143
162
132
193
67
94
148
145
142
33
61
-63
-42
-31
-3
97
6
65
-67
-47
-26
1
93
17
54
-63
-51
-31
6
97
13
65
86
-79
-35
1
102
17
61
97
-79
80
121
134
190
57
97
150
138
161
137
186
62
93
145
186
126
129
189
58
98
149
141
138
70
177
61
94
146
185
133
70
149
-97
-77
-33
4
95
19
63
84
-81
-29
-1
100
15
35
63
-92
-33
3
95
20
63
99
-65
-60
-1
99
15
36
63
-61
-49
-15
145
185
56
92
139
183
126
61
180
61
96
136
179
123
122
130
73
93
140
184
127
67
138
177
68
137
180
124
123
111
190
62
-31
2
97
18
33
66
-63
-66
1
98
17
2
65
-94
-63
66
97
18
33
66
-63
-46
-31
-18
17
2
65
-94
-63
-14
1
113
80
96
155
147
142
134
137
196
43
108
155
151
154
98
157
189
136
140
135
127
130
186
77
128
163
144
147
91
150
190
61
141
95
16
63
96
-97
-80
-97
12
15
0
63
96
-65
-16
-97
-32
63
96
-97
-80
-97
0
95
60
63
96
-65
-16
-97
0
15
49
145
184
137
77
140
184
65
113
152
184
137
77
140
184
65
113
128
68
149
193
56
100
181
117
92
68
149
193
56
100
181
118
33
61
-63
-50
-95
-3
33
62
33
61
-63
-50
-95
-3
33
62
-63
-51
-31
-2
33
45
65
-82
-63
-51
-31
-2
33
45
65
-79
80
121
134
188
55
105
174
112
83
121
134
188
55
105
174
108
127
189
58
96
163
109
106
100
151
189
58
96
163
109
106
105
-97
-77
-33
-4
31
51
63
-84
-97
-77
-33
-4
31
51
63
-100
-33
3
95
12
63
-93
-65
-4
-33
3
95
12
63
-93
-65
17
145
185
56
89
164
107
106
96
151
185
56
89
164
107
106
112
71
93
140
181
144
95
150
188
59
93
140
181
144
95
150
166
-31
2
97
8
65
-94
-63
-6
-31
2
97
8
65
-94
-63
58
97
18
33
56
-63
-14
-95
10
97
18
33
56
-63
-14
-95
-79
80
96
155
148
139
82
157
199
58
96
155
148
139
82
157
187
134
140
135
128
135
190
49
91
150
140
135
128
135
190
49
97
95
16
63
102
-65
-16
-33
8
95
16
63
102
-65
-16
-33
-40
63
96
-97
-74
-33
0
31
24
63
96
-97
-74
-33
0
31
49
145
184
137
79
142
184
65
103
142
184
137
79
142
184
65
103
118
68
149
195
58
92
157
147
138
68
149
195
58
92
157
150
33
61
-63
-42
-31
-3
97
22
33
61
-63
-42
-31
-3
97
22
-63
-51
-31
6
97
13
65
102
-63
-51
-31
6
97
13
65
113
80
121
134
190
57
97
150
142
129
121
134
190
57
97
150
138
173
189
58
98
149
141
138
74
141
189
58
98
149
141
138
81
-97
-77
-33
4
95
19
63
100
-97
-77
-33
4
95
19
63
84
-33
3
95
20
63
99
-65
-44
-33
3
95
20
63
99
-65
-15
145
185
56
92
139
183
126
66
137
181
52
96
143
179
118
100
63
101
140
176
127
79
126
170
65
97
136
180
131
75
118
170
-31
2
97
18
33
66
-63
-46
-31
2
97
50
33
66
-79
-6
97
18
1
34
-63
-30
1
18
97
18
1
66
-63
-30
-15
-79
80
96
155
147
142
134
137
193
84
140
143
135
118
170
169
79
98
108
159
163
118
118
161
181
80
152
147
151
94
154
193
73
95
16
63
96
-97
-80
-97
0
95
80
95
-96
-113
-160
-1
104
-1
0
63
128
-1
-16
-97
-80
-1
64
95
-64
-17
-96
-1
49
145
184
137
77
140
184
65
109
188
128
77
149
200
56
109
181
152
184
137
77
140
184
65
109
188
128
77
149
200
56
109
178
33
61
-63
-50
-95
-3
33
46
65
-67
-47
-34
1
29
49
62
33
61
-63
-50
-95
-3
33
46
65
-67
-47
-34
1
29
49
49
80
121
134
188
55
105
174
108
115
137
186
60
115
177
106
108
87
121
134
188
55
105
174
108
115
137
186
60
115
177
106
105
-97
-77
-33
-4
31
51
63
-100
-81
-29
-1
92
47
67
-97
-68
-97
-77
-33
-4
31
51
63
-100
-81
-29
-1
92
47
67
-97
-79
145
185
56
89
164
107
106
92
187
57
92
145
104
107
94
156
135
185
56
89
164
107
106
92
187
57
92
145
104
107
94
154
-31
2
97
8
65
-94
-63
-22
1
98
17
56
-95
-62
-15
-70
-31
2
97
8
65
-94
-63
-22
1
98
17
56
-95
-62
-15
-79
80
96
155
148
139
82
157
195
66
152
143
148
79
154
193
59
70
96
155
148
139
82
157
195
66
152
143
148
79
154
193
57
95
16
63
102
-65
-16
-33
-8
15
64
95
-58
-17
-32
-1
56
95
16
63
102
-65
-16
-33
-8
15
64
95
-58
-17
-32
-1
49
145
184
137
79
142
184
65
99
178
128
77
151
186
56
101
155
150
184
137
79
142
184
65
99
178
128
77
151
186
56
101
154
33
61
-63
-42
-31
-3
97
6
65
-67
-47
-26
1
93
17
54
33
61
-63
-42
-31
-3
97
6
65
-67
-47
-26
1
93
17
49
80
121
134
190
57
97
150
138
161
137
186
62
93
145
186
130
85
121
134
190
57
97
150
138
161
137
186
62
93
145
186
129
-97
-77
-33
4
95
19
63
84
-81
-29
-1
100
15
35
63
-76
-97
-77
-33
4
95
19
63
84
-81
-29
-1
100
15
35
63
-79
145
185
56
92
139
183
126
61
180
61
96
136
179
123
122
114
153
185
56
92
139
183
126
61
180
61
96
136
179
123
122
118
-31
2
97
18
33
66
-63
-66
1
98
17
2
65
-94
-63
2
-31
2
97
18
33
66
-63
-66
1
98
17
2
65
-94
-63
17
80
96
155
147
142
134
137
196
43
108
155
151
154
98
157
201
60
96
155
147
142
134
137
196
43
108
155
151
154
98
157
177
95
16
63
96
-97
-80
-97
12
15
0
63
96
-65
-16
-97
16
95
16
63
96
-97
-80
-97
12
15
0
63
96
-65
-16
-97
-79
145
184
137
77
140
184
65
113
152
184
137
77
140
184
65
113
152
184
137
77
140
184
65
113
152
184
137
77
140
184
65
118
33
61
-63
-50
-95
-3
33
62
33
61
-63
-50
-95
-3
33
62
33
61
-63
-50
-95
-3
33
62
33
61
-63
-50
-95
-3
33
81
80
121
134
188
55
105
174
112
83
121
134
188
55
105
174
112
83
121
134
188
55
105
174
112
83
121
134
188
55
105
174
113
-97
-77
-33
-4
31
51
63
-84
-97
-77
-33
-4
31
51
63
-84
-97
-77
-33
-4
31
51
63
-84
-97
-77
-33
-4
31
51
63
-79
145
185
56
89
164
107
106
96
151
185
56
89
164
107
106
96
151
185
56
89
164
107
106
96
151
185
56
89
164
107
106
102
-31
2
97
8
65
-94
-63
-6
-31
2
97
8
65
-94
-63
-6
-31
2
97
8
65
-94
-63
-6
-31
2
97
8
65
-94
-63
17
80
96
155
148
139
82
157
199
58
96
155
148
139
82
157
199
58
96
155
148
139
82
157
199
58
96
155
148
139
82
157
177
95
16
63
102
-65
-16
-33
8
95
16
63
102
-65
-16
-33
8
95
16
63
102
-65
-16
-33
8
95
16
63
102
-65
-16
-33
-79
145
184
137
79
142
184
65
103
142
184
137
79
142
184
65
103
142
184
137
79
142
184
65
103
142
184
137
79
142
184
65
110
33
61
-63
-42
-31
-3
97
22
33
61
-63
-42
-31
-3
97
22
33
61
-63
-42
-31
-3
97
22
33
61
-63
-42
-31
-3
97
49
80
121
134
190
57
97
150
142
129
121
134
190
57
97
150
142
129
121
134
190
57
97
150
142
129
121
134
190
57
97
150
145
-97
-77
-33
4
95
19
63
100
-97
-77
-33
4
95
19
63
100
-97
-77
-33
4
95
19
63
100
-97
-77
-33
4
95
19
63
113
137
173
69
101
141
177
129
81
129
173
69
101
141
177
129
81
129
173
69
101
141
177
129
81
129
173
69
101
141
177
129
85
1
17
97
17
1
33
-63
-31
1
17
97
17
1
33
-63
-31
1
17
97
17
1
33
-63
-31
1
17
97
17
1
33
-63
-15
-1
1
63
-95
-33
-15
15
-79
15
65
-97
-31
-17
17
-81
17
63
-95
-33
-15
15
-79
15
33
95
-63
-17
81
-17
17
31
65
-257
-255
-1
129
255
193
-129
-191
-257
1
127
257
191
-127
-193
-255
-1
129
255
193
-129
-191
-257
-127
-1
257
191
129
-193
-255
-129
-128
64
93
-61
-14
16
-83
19
34
96
-67
-13
82
-16
13
35
98
-64
-19
83
-14
16
29
99
-62
-16
77
-13
18
32
93
-61
2
-127
-3
257
193
-127
-195
-255
-127
1
253
193
129
-191
-259
-127
1
257
189
129
-191
-255
-131
1
257
193
125
-191
-255
-127
-3
257
256
-1
-15
79
-15
15
33
95
-63
-17
81
-17
17
31
97
-65
-15
79
-15
15
1
63
-63
-1
-15
-1
17
-1
65
-65
1
-17
17
255
193
127
-191
-257
-127
-1
257
191
129
-193
-255
-129
1
255
193
127
-191
-257
-255
-1
257
255
193
-193
-255
-257
1
255
257
191
-128
64
-18
12
-8
70
-58
4
-14
0
14
-4
56
-58
6
-12
2
16
-2
28
88
-58
-10
20
-78
16
30
92
-72
-10
22
-76
18
129
-191
-255
-263
1
257
257
193
-191
-255
-255
-7
257
257
193
-191
-255
-255
-127
-7
257
193
-127
-191
-255
-127
1
249
193
-127
-191
-256
-1
1
63
-95
-33
-15
79
-15
15
65
-97
-31
-17
81
-17
17
63
-95
-33
-15
79
-15
15
1
63
-63
-17
81
-17
17
-1
33
-257
-255
-1
129
255
193
127
-191
-257
1
127
257
191
129
-193
-255
-1
129
255
193
127
-191
-257
-255
-1
257
191
129
-193
-255
-257
-128
64
93
-61
-14
80
-19
19
2
64
-67
-13
82
-16
13
3
66
-64
-19
83
-14
16
-3
67
-94
-48
77
-13
18
0
61
-93
-30
-127
-3
257
193
129
-195
-255
-255
1
253
193
129
-191
-259
-255
1
257
189
129
-191
-255
-259
1
129
193
125
-191
-255
-255
-3
129
256
-1
-15
79
-15
15
1
63
-95
-49
81
-17
17
-1
33
95
-79
79
-15
15
1
63
-95
-33
-15
-1
17
-1
33
95
-63
-17
81
255
193
127
-191
-257
-255
-1
129
191
129
-193
-255
-257
-127
-1
193
127
-191
-257
-255
-1
129
255
193
-193
-255
-257
-127
-1
257
191
128
64
-18
12
-6
24
86
-76
-34
12
30
12
10
72
-58
4
-30
96
-2
28
90
-72
-26
68
-34
28
14
76
-54
8
-10
4
18
129
-191
-255
-255
-127
1
257
177
-191
-255
-255
-255
1
257
257
129
-255
-255
-127
1
257
193
129
-207
-255
-255
1
257
257
193
-191
-256
-1
1
63
-95
-33
-15
15
-79
15
1
63
-95
-33
-15
15
-79
79
-95
-33
-15
15
-79
15
33
95
-95
-33
-15
15
-79
15
33
-257
-255
-1
129
255
193
-129
-191
-257
-255
-1
129
255
193
-129
-191
-1
129
255
193
-129
-191
-257
-127
-1
129
255
193
-129
-191
-257
-128
64
93
-61
-14
16
-83
19
34
64
93
-61
-14
16
-83
19
66
-64
-19
83
-14
16
29
99
-62
0
-19
83
-14
16
29
99
-62
-127
-3
257
193
-127
-195
-255
-127
-127
-3
257
193
-127
-195
-255
1
257
189
129
-191
-255
-131
1
257
257
189
129
-191
-255
-131
1
256
-1
-15
79
-15
15
33
95
-63
-1
-15
79
-15
15
33
95
-79
79
-15
15
1
63
-63
-1
-15
79
-15
15
1
63
-63
-1
1
255
193
127
-191
-257
-127
-1
257
255
193
127
-191
-257
-127
-1
193
127
-191
-257
-255
-1
257
255
193
127
-191
-257
-255
-1
257
255
256
64
-18
12
-8
70
-58
4
-14
80
-18
12
-8
70
-58
4
-30
96
-2
28
88
-58
-10
20
-78
16
-2
28
88
-58
-10
20
-62
129
-191
-255
-263
1
257
257
193
129
-191
-255
-263
1
257
257
129
-255
-255
-127
-7
257
193
-127
-191
-255
-255
-127
-7
257
193
-127
-128
-1
1
63
-95
-33
-15
79
-15
15
1
63
-95
-33
-15
79
-15
79
-95
-33
-15
79
-15
15
1
63
-95
-33
-15
79
-15
15
1
-257
-255
-1
129
255
193
127
-191
-257
-255
-1
129
255
193
127
-191
-1
129
255
193
127
-191
-257
-255
-1
129
255
193
127
-191
-257
-256
64
93
-61
-14
80
-19
19
2
32
93
-61
-14
80
-19
19
34
-96
-19
83
-14
16
-3
67
-94
-32
-19
83
-14
16
-3
67
-94
-127
-3
257
193
129
-195
-255
-255
-127
-3
257
193
129
-195
-255
-127
257
189
129
-191
-255
-259
1
129
257
189
129
-191
-255
-259
1
128
-1
-15
79
-15
15
1
63
-95
-33
-15
79
-15
15
1
63
-111
47
-15
15
1
63
-95
-33
-15
79
-15
15
1
63
-95
-33
1
255
193
127
-191
-257
-255
-1
129
255
193
127
-191
-257
-255
-1
65
127
-191
-257
-255
-1
129
255
193
127
-191
-257
-255
-1
129
255
256
64
-18
12
-6
24
86
-76
-30
64
-34
-4
10
40
70
-108
26
104
30
28
58
-72
22
20
-78
48
14
12
74
-56
6
-12
18
129
-191
-255
-255
-127
1
257
193
129
-191
-255
-127
-127
1
193
33
-255
-255
-255
-127
257
257
257
-127
-255
-255
-255
1
257
257
193
-128
-1
1
63
-95
-33
-15
15
-79
15
65
-97
-31
-17
17
-81
17
-1
1
63
-95
-33
-15
15
-79
15
65
-97
-31
-17
17
-81
17
-257
-255
-1
129
255
193
-129
-191
-257
1
127
257
191
-127
-193
-255
-257
-255
-1
129
255
193
-129
-191
-257
1
127
257
191
-127
-193
-256
64
93
-61
-14
16
-83
19
34
96
-67
-13
82
-16
13
35
66
64
93
-61
-14
16
-83
19
34
96
-67
-13
82
-16
13
35
66
-127
-3
257
193
-127
-195
-255
-127
1
253
193
129
-191
-259
-127
-127
-127
-3
257
193
-127
-195
-255
-127
1
253
193
129
-191
-259
-127
-128
-1
-15
79
-15
15
33
95
-63
-17
81
-17
17
31
97
-65
1
-1
-15
79
-15
15
33
95
-63
-17
81
-17
17
31
97
-65
1
255
193
127
-191
-257
-127
-1
257
191
129
-193
-255
-129
1
255
257
255
193
127
-191
-257
-127
-1
257
191
129
-193
-255
-129
1
255
256
64
-18
12
-8
70
-58
4
-14
0
14
-4
56
-58
6
-12
18
0
-18
12
-8
70
-58
4
-14
0
14
-4
56
-58
6
-12
18
129
-191
-255
-263
1
257
257
193
-191
-255
-255
-7
257
257
193
-127
129
-191
-255
-263
1
257
257
193
-191
-255
-255
-7
257
257
193
-128
-1
1
63
-95
-33
-15
79
-15
15
65
-97
-31
-17
81
-17
17
-1
1
63
-95
-33
-15
79
-15
15
65
-97
-31
-17
81
-17
17
-257
-255
-1
129
255
193
127
-191
-257
1
127
257
191
129
-193
-255
-257
-255
-1
129
255
193
127
-191
-257
1
127
257
191
129
-193
-256
64
93
-61
-14
80
-19
19
2
64
-67
-13
82
-16
13
3
34
64
93
-61
-14
80
-19
19
2
64
-67
-13
82
-16
13
3
34
-127
-3
257
193
129
-195
-255
-255
1
253
193
129
-191
-259
-255
-127
-127
-3
257
193
129
-195
-255
-255
1
253
193
129
-191
-259
-255
-128
-1
-15
79
-15
15
1
63
-95
-49
81
-17
17
-1
33
95
-63
-1
-15
79
-15
15
1
63
-95
-49
81
-17
17
-1
33
95
-63
255
193
127
-191
-257
-255
-1
129
191
129
-193
-255
-257
-127
-1
257
255
193
127
-191
-257
-255
-1
129
191
129
-193
-255
-257
-127
-1
256
64
-18
12
-6
24
86
-76
-34
12
30
12
10
72
-58
4
-14
80
-18
12
-6
24
86
-76
-34
12
30
12
10
72
-58
4
2
129
-191
-255
-255
-127
1
257
177
-191
-255
-255
-255
1
257
257
193
129
-191
-255
-255
-127
1
257
177
-191
-255
-255
-255
1
257
257
256
-1
1
63
-95
-33
-15
15
-79
15
1
63
-95
-33
-15
15
-79
15
1
63
-95
-33
-15
15
-79
15
1
63
-95
-33
-15
15
-63
-257
-255
-1
129
255
193
-129
-191
-257
-255
-1
129
255
193
-129
-191
-257
-255
-1
129
255
193
-129
-191
-257
-255
-1
129
255
193
-129
-128
64
93
-61
-14
16
-83
19
34
64
93
-61
-14
16
-83
19
34
64
93
-61
-14
16
-83
19
34
64
93
-61
-14
16
-83
19
34
-127
-3
257
193
-127
-195
-255
-127
-127
-3
257
193
-127
-195
-255
-127
-127
-3
257
193
-127
-195
-255
-127
-127
-3
257
193
-127
-195
-255
-128
-1
-15
79
-15
15
33
95
-63
-1
-15
79
-15
15
33
95
-63
-1
-15
79
-15
15
33
95
-63
-1
-15
79
-15
15
33
95
-63
255
193
127
-191
-257
-127
-1
257
255
193
127
-191
-257
-127
-1
257
255
193
127
-191
-257
-127
-1
257
255
193
127
-191
-257
-127
-1
256
64
-18
12
-8
70
-58
4
-14
80
-18
12
-8
70
-58
4
-14
80
-18
12
-8
70
-58
4
-14
80
-18
12
-8
70
-58
4
2
129
-191
-255
-263
1
257
257
193
129
-191
-255
-263
1
257
257
193
129
-191
-255
-263
1
257
257
193
129
-191
-255
-263
1
257
257
256
-1
1
63
-95
-33
-15
79
-15
15
1
63
-95
-33
-15
79
-15
15
1
63
-95
-33
-15
79
-15
15
1
63
-95
-33
-15
79
1
-257
-255
-1
129
255
193
127
-191
-257
-255
-1
129
255
193
127
-191
-257
-255
-1
129
255
193
127
-191
-257
-255
-1
129
255
193
127
-128
64
93
-61
-14
80
-19
19
2
32
93
-61
-14
80
-19
19
2
32
93
-61
-14
80
-19
19
2
32
93
-61
-14
80
-19
19
2
-127
-3
257
193
129
-195
-255
-255
-127
-3
257
193
129
-195
-255
-255
-127
-3
257
193
129
-195
-255
-255
-127
-3
257
193
129
-195
-255
-256
-1
-15
79
-15
15
1
63
-95
-33
-15
79
-15
15
1
63
-95
-33
-15
79
-15
15
1
63
-95
-33
-15
79
-15
15
1
63
-95
255
193
127
-191
-257
-255
-1
129
255
193
127
-191
-257
-255
-1
129
255
193
127
-191
-257
-255
-1
129
255
193
127
-191
-257
-255
-1
128
31
-65
63
31
31
63
-65
31
31
-65
63
31
31
63
-65
31
31
-65
63
31
31
63
-65
31
31
-65
63
31
31
63
-65
31
256
-128
-256
-256
-256
-128
256
256
256
-128
-256
-256
-256
-128
256
256
256
-128
-256
-256
-256
-128
256
256
256
-128
-256
-256
-256
-128
256
256
