105
146
139
126
146
106
146
138
123
137
119
124
160
130
161
129
7
-71
17
50
53
38
-53
-39
-76
23
46
-1
-29
-33
-54
26
-1
0
127
192
-1
-32
-193
-96
-1
128
191
0
-33
-192
-97
0
127
192
-1
-32
-193
-96
-1
64
127
0
-33
-64
-97
0
63
81
138
134
102
123
136
123
130
104
134
105
129
128
119
128
97
131
47
53
20
-63
-46
-59
24
58
56
28
-56
-24
-51
13
51
0
33
61
-63
-50
-95
-3
33
46
65
-67
-47
-34
1
29
49
62
-63
-51
-31
-2
33
45
65
-98
-79
-35
1
94
49
61
-95
-79
120
124
148
125
125
125
119
141
100
156
136
101
147
152
127
113
13
-43
-34
51
22
66
-15
-51
-42
30
60
13
-7
-38
-59
5
-97
-77
-33
-4
31
51
63
-100
-81
-29
-1
92
47
67
-97
-84
-33
3
95
12
63
-93
-65
-20
-1
99
15
60
-97
-61
-17
-79
137
136
101
117
168
118
113
149
125
104
122
139
121
113
148
120
48
55
38
-65
-53
-57
-19
6
51
34
-44
-48
-59
-12
1
8
-31
2
97
8
65
-94
-63
-22
1
98
17
56
-95
-62
-15
-6
97
18
33
56
-63
-14
-95
-6
17
34
65
-72
-15
-94
1
49
120
125
161
133
101
130
165
127
124
157
125
127
125
163
120
130
13
-41
32
62
1
-20
-28
54
-41
34
45
34
-19
-26
51
3
95
16
63
102
-65
-16
-33
-8
15
64
95
-58
-17
-32
-1
8
63
96
-97
-74
-33
0
31
8
63
-96
-81
-26
-1
32
15
49
137
135
99
130
125
133
99
132
117
101
130
131
124
101
129
127
48
50
16
-43
41
51
22
-32
51
24
-59
-5
51
30
-59
-28
33
61
-63
-42
-31
-3
97
6
65
-67
-47
-26
1
93
17
54
-63
-51
-31
6
97
13
65
86
-79
-35
1
102
17
61
97
-79
120
124
148
128
113
126
148
124
114
158
136
105
122
156
136
110
13
-43
-34
63
24
-43
-34
49
-36
30
60
27
-43
30
60
46
-97
-77
-33
4
95
19
63
84
-81
-29
-1
100
15
35
63
-92
-33
3
95
20
63
99
-65
-60
-1
99
15
36
63
-61
-49
-15
137
136
101
124
146
130
104
124
154
96
127
132
129
97
130
129
48
55
38
-36
24
55
33
-10
41
28
-26
-36
44
28
-31
-22
-31
2
97
18
33
66
-63
-66
1
98
17
2
65
-94
-63
66
97
18
33
66
-63
-46
-31
-18
17
2
65
-94
-63
-14
1
113
120
125
161
130
137
112
155
146
86
162
129
146
114
151
124
149
13
-41
32
46
44
6
1
-24
-15
3
-5
73
18
50
-36
-52
95
16
63
96
-97
-80
-97
12
15
0
63
96
-65
-16
-97
-32
63
96
-97
-80
-97
0
95
60
63
96
-65
-16
-97
0
15
49
137
135
99
124
135
121
129
103
140
133
101
123
136
120
131
105
48
50
16
-65
-40
-58
22
48
46
47
18
-63
-42
-61
24
64
33
61
-63
-50
-95
-3
33
62
33
61
-63
-50
-95
-3
33
62
-63
-51
-31
-2
33
45
65
-82
-63
-51
-31
-2
33
45
65
-79
120
124
148
125
125
125
119
145
98
125
148
125
125
125
119
137
13
-43
-34
51
22
66
-15
-37
18
-43
-34
51
22
66
-15
-66
-97
-77
-33
-4
31
51
63
-84
-97
-77
-33
-4
31
51
63
-100
-33
3
95
12
63
-93
-65
-4
-33
3
95
12
63
-93
-65
17
137
136
101
117
168
118
113
146
133
135
101
117
168
118
113
143
48
55
38
-65
-53
-57
-19
-4
43
55
38
-65
-53
-57
-19
-16
-31
2
97
8
65
-94
-63
-6
-31
2
97
8
65
-94
-63
58
97
18
33
56
-63
-14
-95
10
97
18
33
56
-63
-14
-95
-79
120
125
161
133
101
130
165
130
123
126
161
133
101
130
165
123
13
-41
32
62
1
-20
-28
68
19
-41
32
62
1
-20
-28
42
95
16
63
102
-65
-16
-33
8
95
16
63
102
-65
-16
-33
-40
63
96
-97
-74
-33
0
31
24
63
96
-97
-74
-33
0
31
49
137
135
99
130
125
133
99
129
124
134
99
130
125
133
99
131
48
50
16
-43
41
51
22
-42
43
50
16
-43
41
51
22
-38
33
61
-63
-42
-31
-3
97
22
33
61
-63
-42
-31
-3
97
22
-63
-51
-31
6
97
13
65
102
-63
-51
-31
6
97
13
65
113
120
124
148
128
113
126
148
128
113
126
148
128
113
126
148
121
13
-43
-34
63
24
-43
-34
63
24
-43
-34
63
24
-43
-34
34
-97
-77
-33
4
95
19
63
100
-97
-77
-33
4
95
19
63
84
-33
3
95
20
63
99
-65
-44
-33
3
95
20
63
99
-65
-15
131
137
109
126
142
133
109
126
142
133
109
126
142
133
109
130
40
43
35
-21
25
43
35
-21
25
43
35
-21
25
43
35
-5
-31
2
97
18
33
66
-63
-46
-31
2
97
50
33
66
-79
-6
97
18
1
34
-63
-30
1
18
97
18
1
66
-63
-30
-15
-79
95
-27
50
-84
79
-71
68
-37
-14
62
-82
84
-74
75
-42
9
44
-96
104
-31
-32
50
-140
120
-106
116
-38
-12
43
-132
106
-63
95
16
63
96
-97
-80
-97
0
95
80
95
-96
-113
-160
-1
104
-1
0
63
128
-1
-16
-97
-80
-1
64
95
-64
-17
-96
-1
49
110
-83
53
-76
52
-79
17
-22
-54
44
-14
79
-70
84
-48
61
89
-68
10
-78
-99
74
-34
166
-51
50
-88
114
69
-34
52
-191
33
61
-63
-50
-95
-3
33
46
65
-67
-47
-34
1
29
49
62
33
61
-63
-50
-95
-3
33
46
65
-67
-47
-34
1
29
49
49
89
-22
46
-73
50
-79
85
-83
-11
48
-75
58
-4
68
-93
66
47
-108
117
-55
-5
40
-99
119
-117
98
-63
41
5
-74
71
-78
-97
-77
-33
-4
31
51
63
-100
-81
-29
-1
92
47
67
-97
-68
-97
-77
-33
-4
31
51
63
-100
-81
-29
-1
92
47
67
-97
-79
110
-79
41
-37
28
-80
65
-43
-68
42
-24
32
-59
74
-67
51
89
-52
57
-136
-63
39
-1
27
-63
56
-105
114
56
-2
-90
-207
-31
2
97
8
65
-94
-63
-22
1
98
17
56
-95
-62
-15
-70
-31
2
97
8
65
-94
-63
-22
1
98
17
56
-95
-62
-15
-79
89
-22
37
-78
86
-27
38
-67
-29
47
-77
76
-89
56
-81
60
47
-107
89
-40
29
-106
115
17
-121
101
-47
-9
-89
127
-48
-102
95
16
63
102
-65
-16
-33
-8
15
64
95
-58
-17
-32
-1
56
95
16
63
102
-65
-16
-33
-8
15
64
95
-58
-17
-32
-1
49
110
-83
53
-75
84
-86
53
-51
-69
40
-14
76
-77
44
-14
48
89
-68
10
-70
81
-68
10
24
-63
50
-88
102
-47
50
-88
-7
33
61
-63
-42
-31
-3
97
6
65
-67
-47
-26
1
93
17
54
33
61
-63
-42
-31
-3
97
6
65
-67
-47
-26
1
93
17
49
89
-22
46
-71
50
-21
46
-59
-61
51
-75
57
-28
47
-75
48
47
-108
117
-47
55
-108
117
3
-105
98
-63
37
-119
98
-63
-2
-97
-77
-33
4
95
19
63
84
-81
-29
-1
100
15
35
63
-76
-97
-77
-33
4
95
19
63
84
-81
-29
-1
100
15
35
63
-79
110
-79
41
-30
24
-79
53
-19
-67
34
-7
-13
-43
25
5
-25
89
-52
57
-108
79
-51
39
49
-27
33
-35
77
-67
34
-53
141
-31
2
97
18
33
66
-63
-66
1
98
17
2
65
-94
-63
2
-31
2
97
18
33
66
-63
-66
1
98
17
2
65
-94
-63
17
89
-22
37
-79
76
-76
61
-47
89
-28
48
-86
79
-83
71
-42
47
-107
89
-40
-11
54
-145
72
45
-120
97
-29
-17
41
-137
130
95
16
63
96
-97
-80
-97
12
15
0
63
96
-65
-16
-97
16
95
16
63
96
-97
-80
-97
12
15
0
63
96
-65
-16
-97
-79
110
-83
53
-76
52
-79
17
-46
98
-82
53
-76
52
-79
17
-32
89
-68
10
-78
-99
74
-34
72
93
-68
10
-78
-99
74
-34
129
33
61
-63
-50
-95
-3
33
62
33
61
-63
-50
-95
-3
33
62
33
61
-63
-50
-95
-3
33
62
33
61
-63
-50
-95
-3
33
81
89
-22
46
-73
50
-79
85
-96
101
-24
46
-73
50
-79
85
-75
47
-108
117
-55
-5
40
-99
69
43
-108
117
-55
-5
40
-99
150
-97
-77
-33
-4
31
51
63
-84
-97
-77
-33
-4
31
51
63
-84
-97
-77
-33
-4
31
51
63
-84
-97
-77
-33
-4
31
51
63
-79
110
-79
41
-37
28
-80
65
-66
84
-81
41
-37
28
-80
65
-46
89
-52
57
-136
-63
39
-1
-67
81
-52
57
-136
-63
39
-1
15
-31
2
97
8
65
-94
-63
-6
-31
2
97
8
65
-94
-63
-6
-31
2
97
8
65
-94
-63
-6
-31
2
97
8
65
-94
-63
17
89
-22
37
-78
86
-27
38
-80
82
-24
37
-78
86
-27
38
-53
47
-107
89
-40
29
-106
115
-33
39
-107
89
-40
29
-106
115
74
95
16
63
102
-65
-16
-33
8
95
16
63
102
-65
-16
-33
8
95
16
63
102
-65
-16
-33
8
95
16
63
102
-65
-16
-33
-79
110
-83
53
-75
84
-86
53
-75
84
-86
53
-75
84
-86
53
-53
89
-68
10
-70
81
-68
10
-70
81
-68
10
-70
81
-68
10
17
33
61
-63
-42
-31
-3
97
22
33
61
-63
-42
-31
-3
97
22
33
61
-63
-42
-31
-3
97
22
33
61
-63
-42
-31
-3
97
49
89
-22
46
-71
50
-21
46
-71
50
-21
46
-71
50
-21
46
-49
47
-108
117
-47
55
-108
117
-47
55
-108
117
-47
55
-108
117
38
-97
-77
-33
4
95
19
63
100
-97
-77
-33
4
95
19
63
100
-97
-77
-33
4
95
19
63
100
-97
-77
-33
4
95
19
63
113
85
-75
72
-21
9
-68
72
-21
9
-68
72
-21
9
-68
72
-18
56
-99
48
-51
84
-99
48
-51
84
-99
48
-51
84
-99
48
-39
1
17
97
17
1
33
-63
-31
1
17
97
17
1
33
-63
-31
1
17
97
17
1
33
-63
-31
1
17
97
17
1
33
-63
-15
-1
1
63
-95
-33
-15
15
-79
15
65
-97
-31
-17
17
-81
17
63
-95
-33
-15
15
-79
15
33
95
-63
-17
81
-17
17
31
65
-257
-255
-1
129
255
193
-129
-191
-257
1
127
257
191
-127
-193
-255
-1
129
255
193
-129
-191
-257
-127
-1
257
191
129
-193
-255
-129
-128
64
93
-61
-14
16
-83
19
34
96
-67
-13
82
-16
13
35
98
-64
-19
83
-14
16
29
99
-62
-16
77
-13
18
32
93
-61
2
-127
-3
257
193
-127
-195
-255
-127
1
253
193
129
-191
-259
-127
1
257
189
129
-191
-255
-131
1
257
193
125
-191
-255
-127
-3
257
256
-1
-15
79
-15
15
33
95
-63
-17
81
-17
17
31
97
-65
-15
79
-15
15
1
63
-63
-1
-15
-1
17
-1
65
-65
1
-17
17
255
193
127
-191
-257
-127
-1
257
191
129
-193
-255
-129
1
255
193
127
-191
-257
-255
-1
257
255
193
-193
-255
-257
1
255
257
191
-128
64
-18
12
-8
70
-58
4
-14
0
14
-4
56
-58
6
-12
2
16
-2
28
88
-58
-10
20
-78
16
30
92
-72
-10
22
-76
18
129
-191
-255
-263
1
257
257
193
-191
-255
-255
-7
257
257
193
-191
-255
-255
-127
-7
257
193
-127
-191
-255
-127
1
249
193
-127
-191
-256
-1
1
63
-95
-33
-15
79
-15
15
65
-97
-31
-17
81
-17
17
63
-95
-33
-15
79
-15
15
1
63
-63
-17
81
-17
17
-1
33
-257
-255
-1
129
255
193
127
-191
-257
1
127
257
191
129
-193
-255
-1
129
255
193
127
-191
-257
-255
-1
257
191
129
-193
-255
-257
-128
64
93
-61
-14
80
-19
19
2
64
-67
-13
82
-16
13
3
66
-64
-19
83
-14
16
-3
67
-94
-48
77
-13
18
0
61
-93
-30
-127
-3
257
193
129
-195
-255
-255
1
253
193
129
-191
-259
-255
1
257
189
129
-191
-255
-259
1
129
193
125
-191
-255
-255
-3
129
256
-1
-15
79
-15
15
1
63
-95
-49
81
-17
17
-1
33
95
-79
79
-15
15
1
63
-95
-33
-15
-1
17
-1
33
95
-63
-17
81
255
193
127
-191
-257
-255
-1
129
191
129
-193
-255
-257
-127
-1
193
127
-191
-257
-255
-1
129
255
193
-193
-255
-257
-127
-1
257
191
128
64
-18
12
-6
24
86
-76
-34
12
30
12
10
72
-58
4
-30
96
-2
28
90
-72
-26
68
-34
28
14
76
-54
8
-10
4
18
129
-191
-255
-255
-127
1
257
177
-191
-255
-255
-255
1
257
257
129
-255
-255
-127
1
257
193
129
-207
-255
-255
1
257
257
193
-191
-256
-1
1
63
-95
-33
-15
15
-79
15
1
63
-95
-33
-15
15
-79
79
-95
-33
-15
15
-79
15
33
95
-95
-33
-15
15
-79
15
33
-257
-255
-1
129
255
193
-129
-191
-257
-255
-1
129
255
193
-129
-191
-1
129
255
193
-129
-191
-257
-127
-1
129
255
193
-129
-191
-257
-128
64
93
-61
-14
16
-83
19
34
64
93
-61
-14
16
-83
19
66
-64
-19
83
-14
16
29
99
-62
0
-19
83
-14
16
29
99
-62
-127
-3
257
193
-127
-195
-255
-127
-127
-3
257
193
-127
-195
-255
1
257
189
129
-191
-255
-131
1
257
257
189
129
-191
-255
-131
1
256
-1
-15
79
-15
15
33
95
-63
-1
-15
79
-15
15
33
95
-79
79
-15
15
1
63
-63
-1
-15
79
-15
15
1
63
-63
-1
1
255
193
127
-191
-257
-127
-1
257
255
193
127
-191
-257
-127
-1
193
127
-191
-257
-255
-1
257
255
193
127
-191
-257
-255
-1
257
255
256
64
-18
12
-8
70
-58
4
-14
80
-18
12
-8
70
-58
4
-30
96
-2
28
88
-58
-10
20
-78
16
-2
28
88
-58
-10
20
-62
129
-191
-255
-263
1
257
257
193
129
-191
-255
-263
1
257
257
129
-255
-255
-127
-7
257
193
-127
-191
-255
-255
-127
-7
257
193
-127
-128
-1
1
63
-95
-33
-15
79
-15
15
1
63
-95
-33
-15
79
-15
79
-95
-33
-15
79
-15
15
1
63
-95
-33
-15
79
-15
15
1
-257
-255
-1
129
255
193
127
-191
-257
-255
-1
129
255
193
127
-191
-1
129
255
193
127
-191
-257
-255
-1
129
255
193
127
-191
-257
-256
64
93
-61
-14
80
-19
19
2
32
93
-61
-14
80
-19
19
34
-96
-19
83
-14
16
-3
67
-94
-32
-19
83
-14
16
-3
67
-94
-127
-3
257
193
129
-195
-255
-255
-127
-3
257
193
129
-195
-255
-127
257
189
129
-191
-255
-259
1
129
257
189
129
-191
-255
-259
1
128
-1
-15
79
-15
15
1
63
-95
-33
-15
79
-15
15
1
63
-111
47
-15
15
1
63
-95
-33
-15
79
-15
15
1
63
-95
-33
1
255
193
127
-191
-257
-255
-1
129
255
193
127
-191
-257
-255
-1
65
127
-191
-257
-255
-1
129
255
193
127
-191
-257
-255
-1
129
255
256
64
-18
12
-6
24
86
-76
-30
64
-34
-4
10
40
70
-108
26
104
30
28
58
-72
22
20
-78
48
14
12
74
-56
6
-12
18
129
-191
-255
-255
-127
1
257
193
129
-191
-255
-127
-127
1
193
33
-255
-255
-255
-127
257
257
257
-127
-255
-255
-255
1
257
257
193
-128
-1
1
63
-95
-33
-15
15
-79
15
65
-97
-31
-17
17
-81
17
-1
1
63
-95
-33
-15
15
-79
15
65
-97
-31
-17
17
-81
17
-257
-255
-1
129
255
193
-129
-191
-257
1
127
257
191
-127
-193
-255
-257
-255
-1
129
255
193
-129
-191
-257
1
127
257
191
-127
-193
-256
64
93
-61
-14
16
-83
19
34
96
-67
-13
82
-16
13
35
66
64
93
-61
-14
16
-83
19
34
96
-67
-13
82
-16
13
35
66
-127
-3
257
193
-127
-195
-255
-127
1
253
193
129
-191
-259
-127
-127
-127
-3
257
193
-127
-195
-255
-127
1
253
193
129
-191
-259
-127
-128
-1
-15
79
-15
15
33
95
-63
-17
81
-17
17
31
97
-65
1
-1
-15
79
-15
15
33
95
-63
-17
81
-17
17
31
97
-65
1
255
193
127
-191
-257
-127
-1
257
191
129
-193
-255
-129
1
255
257
255
193
127
-191
-257
-127
-1
257
191
129
-193
-255
-129
1
255
256
64
-18
12
-8
70
-58
4
-14
0
14
-4
56
-58
6
-12
18
0
-18
12
-8
70
-58
4
-14
0
14
-4
56
-58
6
-12
18
129
-191
-255
-263
1
257
257
193
-191
-255
-255
-7
257
257
193
-127
129
-191
-255
-263
1
257
257
193
-191
-255
-255
-7
257
257
193
-128
-1
1
63
-95
-33
-15
79
-15
15
65
-97
-31
-17
81
-17
17
-1
1
63
-95
-33
-15
79
-15
15
65
-97
-31
-17
81
-17
17
-257
-255
-1
129
255
193
127
-191
-257
1
127
257
191
129
-193
-255
-257
-255
-1
129
255
193
127
-191
-257
1
127
257
191
129
-193
-256
64
93
-61
-14
80
-19
19
2
64
-67
-13
82
-16
13
3
34
64
93
-61
-14
80
-19
19
2
64
-67
-13
82
-16
13
3
34
-127
-3
257
193
129
-195
-255
-255
1
253
193
129
-191
-259
-255
-127
-127
-3
257
193
129
-195
-255
-255
1
253
193
129
-191
-259
-255
-128
-1
-15
79
-15
15
1
63
-95
-49
81
-17
17
-1
33
95
-63
-1
-15
79
-15
15
1
63
-95
-49
81
-17
17
-1
33
95
-63
255
193
127
-191
-257
-255
-1
129
191
129
-193
-255
-257
-127
-1
257
255
193
127
-191
-257
-255
-1
129
191
129
-193
-255
-257
-127
-1
256
64
-18
12
-6
24
86
-76
-34
12
30
12
10
72
-58
4
-14
80
-18
12
-6
24
86
-76
-34
12
30
12
10
72
-58
4
2
129
-191
-255
-255
-127
1
257
177
-191
-255
-255
-255
1
257
257
193
129
-191
-255
-255
-127
1
257
177
-191
-255
-255
-255
1
257
257
256
-1
1
63
-95
-33
-15
15
-79
15
1
63
-95
-33
-15
15
-79
15
1
63
-95
-33
-15
15
-79
15
1
63
-95
-33
-15
15
-63
-257
-255
-1
129
255
193
-129
-191
-257
-255
-1
129
255
193
-129
-191
-257
-255
-1
129
255
193
-129
-191
-257
-255
-1
129
255
193
-129
-128
64
93
-61
-14
16
-83
19
34
64
93
-61
-14
16
-83
19
34
64
93
-61
-14
16
-83
19
34
64
93
-61
-14
16
-83
19
34
-127
-3
257
193
-127
-195
-255
-127
-127
-3
257
193
-127
-195
-255
-127
-127
-3
257
193
-127
-195
-255
-127
-127
-3
257
193
-127
-195
-255
-128
-1
-15
79
-15
15
33
95
-63
-1
-15
79
-15
15
33
95
-63
-1
-15
79
-15
15
33
95
-63
-1
-15
79
-15
15
33
95
-63
255
193
127
-191
-257
-127
-1
257
255
193
127
-191
-257
-127
-1
257
255
193
127
-191
-257
-127
-1
257
255
193
127
-191
-257
-127
-1
256
64
-18
12
-8
70
-58
4
-14
80
-18
12
-8
70
-58
4
-14
80
-18
12
-8
70
-58
4
-14
80
-18
12
-8
70
-58
4
2
129
-191
-255
-263
1
257
257
193
129
-191
-255
-263
1
257
257
193
129
-191
-255
-263
1
257
257
193
129
-191
-255
-263
1
257
257
256
-1
1
63
-95
-33
-15
79
-15
15
1
63
-95
-33
-15
79
-15
15
1
63
-95
-33
-15
79
-15
15
1
63
-95
-33
-15
79
1
-257
-255
-1
129
255
193
127
-191
-257
-255
-1
129
255
193
127
-191
-257
-255
-1
129
255
193
127
-191
-257
-255
-1
129
255
193
127
-128
64
93
-61
-14
80
-19
19
2
32
93
-61
-14
80
-19
19
2
32
93
-61
-14
80
-19
19
2
32
93
-61
-14
80
-19
19
2
-127
-3
257
193
129
-195
-255
-255
-127
-3
257
193
129
-195
-255
-255
-127
-3
257
193
129
-195
-255
-255
-127
-3
257
193
129
-195
-255
-256
-1
-15
79
-15
15
1
63
-95
-33
-15
79
-15
15
1
63
-95
-33
-15
79
-15
15
1
63
-95
-33
-15
79
-15
15
1
63
-95
255
193
127
-191
-257
-255
-1
129
255
193
127
-191
-257
-255
-1
129
255
193
127
-191
-257
-255
-1
129
255
193
127
-191
-257
-255
-1
128
31
-65
63
31
31
63
-65
31
31
-65
63
31
31
63
-65
31
31
-65
63
31
31
63
-65
31
31
-65
63
31
31
63
-65
31
256
-128
-256
-256
-256
-128
256
256
256
-128
-256
-256
-256
-128
256
256
256
-128
-256
-256
-256
-128
256
256
256
-128
-256
-256
-256
-128
256
256
