127
127
127
127
-129
-129
-129
-1
127
127
127
-129
-129
-129
-1
127
127
127
-129
-129
-129
-1
127
127
127
-129
-129
-129
-1
127
127
127
-129
-129
-129
-1
127
127
127
-129
-129
-129
-1
127
127
127
-129
-129
-129
-1
127
127
127
-129
-129
-129
-1
127
127
127
-129
-129
-129
-1
127
127
127
127
-129
-129
-129
-1
127
127
127
-129
-129
-129
-1
127
127
127
-129
-129
-129
-1
127
127
127
-129
-129
-129
-1
127
127
127
-129
-129
-129
-1
127
127
127
-129
-129
-129
-1
127
127
127
-129
-129
-129
-1
127
127
127
-129
-129
-129
-1
127
127
127
-129
-129
-129
-111
