105
146
139
125
7
-71
17
43
-1
0
127
192
-1
-32
-193
-175
138
134
102
130
47
53
20
-36
33
61
-63
-50
-95
-3
33
81
120
124
148
121
13
-43
-34
34
-97
-77
-33
-4
31
51
63
-79
131
137
109
130
40
43
35
-5
-31
2
97
8
65
-94
-63
17
95
-27
50
-55
44
-96
104
83
95
16
63
102
-65
-16
-33
-79
110
-83
53
-53
89
-68
10
17
33
61
-63
-42
-31
-3
97
49
89
-22
46
-49
47
-108
117
38
-97
-77
-33
4
95
19
63
113
85
-75
72
-18
56
-99
48
-39
1
17
97
17
1
33
-63
-15
-1
1
63
-95
-33
-15
15
-63
-257
-255
-1
129
255
193
-129
-128
64
93
-61
-14
16
-83
19
34
-127
-3
257
193
-127
-195
-255
-128
-1
-15
79
-15
15
33
95
-63
255
193
127
-191
-257
-127
-1
256
64
-18
12
-8
70
-58
4
2
129
-191
-255
-263
1
257
257
256
-1
1
63
-95
-33
-15
79
1
-257
-255
-1
129
255
193
127
-128
64
93
-61
-14
80
-19
19
2
-127
-3
257
193
129
-195
-255
-256
-1
-15
79
-15
15
1
63
-95
255
193
127
-191
-257
-255
-1
128
31
-65
63
31
31
63
-65
31
256
-128
-256
-256
-256
-128
256
256
